DATA:enron
TOTAL_TIME:1736
TIME_UNIT_PRIMARY:345600
TIME_UNIT_SECONDARY:172800
RANDOM_WALKS:1000
PROB_RESTART:0.1
MAX_PATTERN_EDGES:10
EVALUATION_RANDOM_WALKS:10
TEST_EVALUATION_POSITIVE:[0.24757756261365463, 0.7857248092404516, 0.5893547512918865, 0.7839181478854895, 0.7836970928808558, 0.8238033982181683, 0.8944770159619806, 0.7549419056490718, 0.8185127278719164, 0.5690374649364616, 0.8375625312593002, 0.886566230820432, 0.6589486620273302, 0.8854894733692454, 0.7843758166174475, 0.6328706063431123, 0.4450193683441724, 0.7759880013001993, 0.847484015541017, 0.8414223845996878]
TEST_EVALUATION_NEGATIVE:[0.8624040479074222, 2.5585135130699074e-24, 0.14785263504295199, 0.05296206599615018, 0.8823291430065832, 0.07762131344286793, 0.7949697094496414, 0.8497090444289832, 0.8018203292898543, 0.658562594402213, 0.6041518700011181, 0.17477051093670165, 0.5093070167371943, 0.30514279670718264, 2.8726054597828594e-19, 0.8515138617142222, 0.22666895756561808, 0.8411407670942194, 0.09762196902582373, 0.00013328667903770428]
PATTERN_EDGES:[(1, 0), (0, 2), (0, 2)]
PATTERN_SCORES:[5.335607326615706, 0.33035592391264423, 1.1798131112290378]
PATTERN_TIMESTAMPS:[[68459.0, 102299.0, 25259.0, 239426.0, 13384.0, 91739.0, 13384.0, 3108.0], [512459.0, 405632.0, 102419.0, 580739.0, 631683.0, 713639.0, 618782.0, 615048.0], [3108.0, 3299.0, 153200.0, 14639.0, 102419.0, 1799.0, 13384.0, 13384.0]]
PATTERN_ATTRIBUTES:[[{'label': 0}, {'label': 0}, {'label': 0}, {'label': 0}, {'label': 0}, {'label': 0}, {'label': 0}, {'label': 0}], [{'label': 0}, {'label': 0}, {'label': 0}, {'label': 0}, {'label': 0}, {'label': 0}, {'label': 0}, {'label': 0}], [{'label': 0}, {'label': 0}, {'label': 0}, {'label': 0}, {'label': 0}, {'label': 0}, {'label': 0}, {'label': 0}]]
PATTERN_DIRECTIONS:[False, True, True]
PATTERN_UNDIRECTED:False
