DATA:enron
TOTAL_TIME:2277
TIME_UNIT_PRIMARY:172800
TIME_UNIT_SECONDARY:172800
RANDOM_WALKS:1000
PROB_RESTART:0.1
MAX_PATTERN_EDGES:10
EVALUATION_RANDOM_WALKS:10
TEST_EVALUATION_POSITIVE:[0.6821159517960858, 0.7409259578466276, 0.5554184404316231, 0.3173415788675989, 0.8058536690480431, 0.737680214134039, 0.08583095055854793, 0.7276017388524311, 0.6337694177316772, 0.7868301134523084, 0.7928684144306586, 0.7543623166970544, 0.6783532843298697, 0.7746931914293912, 0.6087458466232426, 0.7451227544054476, 0.7995597597771291, 0.21654539794055264, 0.21768857810487105, 0.6216804662734329]
TEST_EVALUATION_NEGATIVE:[0.7764033648174337, 0.6902442142046509, 0.47744729769035027, 0.31944248729557556, 0.764747783883439, 0.20616357072467967, 0.7965455006875949, 0.8368567329287011, 0.7572858987182087, 0.05722059511871072, 0.5690865541292377, 0.00014199465084539412, 0.6566905478642506, 3.829399748016789e-05, 0.23302684160061465, 0.8623864180784154, 0.06424049119569578, 0.15548440919024328, 0.5697054842151396, 0.053697135286997724]
PATTERN_EDGES:[(0, 2), (0, 3), (1, 0)]
PATTERN_SCORES:[2.014345790935134, 2.7098457052379845, 3.8045444363973813]
PATTERN_TIMESTAMPS:[[7439.0, 188339.0, 99839.0, 8420.0, 113759.0, 360479.0, 98339.0, 112364.0, 89908.0, 226739.0, 98505.0, 20519.0, 226739.0, 167999.0, 27636.0], [5999.0, 19499.0, 4079.0, 89639.0, 145511.0, 134700.0, 839.0, 106308.0, 9048.0, 74459.0, 1079.0, 102419.0, 89639.0, 96253.0, 67739.0], [173399.0, 145739.0, 168119.0, 98699.0, 5999.0, 168059.0, 151187.0, 9048.0, 145739.0, 89196.0, 118366.0, 87719.0, 75719.0, 448199.0, 86399.0]]
PATTERN_ATTRIBUTES:[[{'label': 0}, {'label': 0}, {'label': 5}, {'label': 0}, {'label': 5}, {'label': 0}, {'label': 0}, {'label': 5}, {'label': 5}, {'label': 1}, {'label': 0}, {'label': 0}, {'label': 1}, {'label': 0}, {'label': 5}], [{'label': 0}, {'label': 0}, {'label': 0}, {'label': 0}, {'label': 0}, {'label': 0}, {'label': 0}, {'label': 0}, {'label': 0}, {'label': 0}, {'label': 0}, {'label': 0}, {'label': 0}, {'label': 0}, {'label': 0}], [{'label': 0}, {'label': 0}, {'label': 0}, {'label': 0}, {'label': 0}, {'label': 0}, {'label': 0}, {'label': 0}, {'label': 0}, {'label': 0}, {'label': 0}, {'label': 0}, {'label': 0}, {'label': 0}, {'label': 0}]]
PATTERN_DIRECTIONS:[False, True, False]
PATTERN_UNDIRECTED:False
