DATA:enron
TOTAL_TIME:1840
TIME_UNIT_PRIMARY:345600
TIME_UNIT_SECONDARY:172800
RANDOM_WALKS:1000
PROB_RESTART:0.1
MAX_PATTERN_EDGES:10
EVALUATION_RANDOM_WALKS:10
TEST_EVALUATION_POSITIVE:[0.4972792913092905, 0.6065002629269238, 0.46349524553128085, 0.26540242151358406, 0.4518520874450925, 0.5157964723850481, 0.5822350880406578, 0.5008932278330624, 0.5804418745843256, 0.3918604595813346, 0.6876371519096518, 0.5397632126837165, 0.46367916162568107, 0.5701169953163443, 0.5836709272177076, 0.3929919682336282, 0.5925356566494496, 0.6065886272439933, 0.4621076668756026, 0.5722418819411631]
TEST_EVALUATION_NEGATIVE:[0.43499350274628673, 0.19073312452832664, 0.19575004800246093, 0.5562714112095581, 0.05807901242943664, 0.4495224923450037, 0.58798354808305, 0.3296631310800524, 0.029047938020846632, 0.04872748897485371, 0.2152330705991833, 0.5211378451923041, 0.4006910346423719, 0.15233098863571393, 0.20518216295573566, 0.1325841125664755, 0.17097482080880588, 0.4942684441265819, 0.5698588048728588, 0.02087013106217961]
PATTERN_EDGES:[(0, 2), (1, 3), (0, 2), (0, 4), (1, 0), (0, 5)]
PATTERN_SCORES:[7.182541223077985, 3.2847562751272257, 0.19765893708201066, 1.650361312501702, 1.6820012853644493, 1.9281529307557017]
PATTERN_TIMESTAMPS:[[177179.0, 84451.0, 28158.0, 28158.0], [1094579.0, 503214.0, 597188.0, 766718.0], [27636.0, 27636.0, 177179.0, 262517.0], [287906.0, 171839.0, 25403.0, 25403.0], [405632.0, 339155.0, 244319.0, 270649.0], [244319.0, 9048.0, 239426.0, 9048.0]]
PATTERN_ATTRIBUTES:[[{'label': 9}, {'label': 9}, {'label': 9}, {'label': 9}], [{'label': 0}, {'label': 0}, {'label': 0}, {'label': 4}], [{'label': 5}, {'label': 5}, {'label': 0}, {'label': 0}], [{'label': 0}, {'label': 0}, {'label': 0}, {'label': 16}], [{'label': 0}, {'label': 0}, {'label': 0}, {'label': 0}], [{'label': 0}, {'label': 0}, {'label': 0}, {'label': 0}]]
PATTERN_DIRECTIONS:[False, False, False, False, False, True]
PATTERN_UNDIRECTED:False
