DATA:enron
TOTAL_TIME:1786
TIME_UNIT_PRIMARY:172800
TIME_UNIT_SECONDARY:172800
RANDOM_WALKS:1000
PROB_RESTART:0.1
MAX_PATTERN_EDGES:10
EVALUATION_RANDOM_WALKS:10
TEST_EVALUATION_POSITIVE:[0.4981423473108021, 0.04482151754667476, 0.41369361796419807, 0.604435468950774, 0.6010686342301921, 0.6129782469400551, 0.2167929156124154, 0.18912920656472298, 0.5463715866273418, 0.46358846457034486, 0.5258117756578519, 0.5186813606331052, 0.06723227632001214, 0.4768148759642773, 0.24784450881507764, 0.49077858299827726, 0.5365991174700637, 0.5863326523182633, 0.3844869218798706, 0.42687495218550453]
TEST_EVALUATION_NEGATIVE:[0.24167504185179087, 0.20841825502238925, 0.09651017331857181, 0.2284316376982983, 0.0853011170340672, 0.30207809511986966, 0.3337638102195535, 0.21146262148123007, 0.24355023585004676, 0.3582216374678566, 0.4171071850256832, 0.2949484715590531, 0.20411040092894792, 0.49850404720847435, 0.5459109256700725, 0.06310724005678538, 2.4943029049628136e-18, 0.3232130019372096, 0.5555647077910033, 0.00014079268555060203]
PATTERN_EDGES:[(1, 2), (1, 2), (0, 3)]
PATTERN_SCORES:[4.37939608333485, 9.53664040940629, 1.4621624775140787]
PATTERN_TIMESTAMPS:[[14159.0, 114419.0, 503214.0, 56166.0, 28635.0, 14159.0, 594471.0, 3239.0, 83759.0, 450289.0], [14159.0, 14159.0, 25679.0, 117659.0, 114419.0, 594471.0, 503214.0, 625204.0, 86513.0, 464391.0], [116219.0, 3108.0, 148614.0, 148614.0, 116219.0, 185954.0, 23519.0, 19799.0, 9048.0, 91739.0]]
PATTERN_ATTRIBUTES:[[{'label': 1}, {'label': 0}, {'label': 0}, {'label': 14}, {'label': 20}, {'label': 1}, {'label': 9}, {'label': 1}, {'label': 14}, {'label': 5}], [{'label': 0}, {'label': 0}, {'label': 0}, {'label': 0}, {'label': 0}, {'label': 9}, {'label': 0}, {'label': 9}, {'label': 0}, {'label': 0}], [{'label': 24}, {'label': 0}, {'label': 0}, {'label': 0}, {'label': 24}, {'label': 2}, {'label': 0}, {'label': 0}, {'label': 0}, {'label': 0}]]
PATTERN_DIRECTIONS:[True, True, True]
PATTERN_UNDIRECTED:False
