DATA:enron
TOTAL_TIME:9721
TIME_UNIT_PRIMARY:172800
TIME_UNIT_SECONDARY:43200
RANDOM_WALKS:5000
PROB_RESTART:0.1
MAX_PATTERN_EDGES:10
EVALUATION_RANDOM_WALKS:10
TEST_EVALUATION_POSITIVE:[0.556763846699472, 0.5573168364419246, 0.011034175992126421, 0.6058076748340004, 0.42380138383443394, 0.644489716295233, 0.37584740532796496, 0.5402273245094203, 0.4721103085238446, 0.654631447704605, 0.5474917374854739, 0.44295565670851833, 0.4185005963684821, 0.3699811427973318, 0.06762059511271011, 0.599102005581165, 0.6235300581380729, 0.41114083453552835, 0.004296037638338329, 0.557594750577419]
TEST_EVALUATION_NEGATIVE:[0.6104406385241484, 0.5521400577889055, 0.549894836063347, 0.003203596983003293, 0.052526201206892616, 0.7215169905928992, 0.02567205101967047, 0.0032034864420260527, 3.289786267931352e-34, 0.7171462613314494, 0.2795848530954379, 0.003199429752542985, 0.4917650723114511, 0.3860204888624545, 0.8286811760522702, 0.08622825864493713, 0.4010269922840779, 0.0031975050359394413, 0.17314852862736094, 4.765344141487068e-15]
PATTERN_EDGES:[(0, 2), (0, 2), (0, 2)]
PATTERN_SCORES:[49.07559401893215, 13.675928900889605, 6.093540107970055]
PATTERN_TIMESTAMPS:[[94431.0, 899.0, 21239.0, 22139.0, 12144.0, 19919.0, 165130.0, 101399.0, 165130.0, 17579.0, 246179.0, 24687.0, 17579.0, 84451.0], [287906.0, 22139.0, 17579.0, 167999.0, 246179.0, 188339.0, 24687.0, 101399.0, 11082.0, 17579.0, 32939.0, 167353.0, 167353.0, 89499.0], [17579.0, 38219.0, 89499.0, 167999.0, 143159.0, 22139.0, 11082.0, 188339.0, 24687.0, 167353.0, 246179.0, 167353.0, 262517.0, 17579.0]]
PATTERN_ATTRIBUTES:[[{'label': 0}, {'label': 0}, {'label': 0}, {'label': 0}, {'label': 0}, {'label': 0}, {'label': 0}, {'label': 0}, {'label': 0}, {'label': 0}, {'label': 0}, {'label': 0}, {'label': 0}, {'label': 9}], [{'label': 0}, {'label': 0}, {'label': 0}, {'label': 0}, {'label': 0}, {'label': 0}, {'label': 0}, {'label': 0}, {'label': 0}, {'label': 0}, {'label': 0}, {'label': 0}, {'label': 0}, {'label': 0}], [{'label': 0}, {'label': 0}, {'label': 0}, {'label': 0}, {'label': 0}, {'label': 10}, {'label': 0}, {'label': 0}, {'label': 0}, {'label': 9}, {'label': 9}, {'label': 9}, {'label': 0}, {'label': 0}]]
PATTERN_DIRECTIONS:[False, False, False]
PATTERN_UNDIRECTED:False
