DATA:enron
TOTAL_TIME:1705
TIME_UNIT_PRIMARY:172800
TIME_UNIT_SECONDARY:43200
RANDOM_WALKS:1000
PROB_RESTART:0.1
MAX_PATTERN_EDGES:10
EVALUATION_RANDOM_WALKS:10
TEST_EVALUATION_POSITIVE:[0.5345735763847496, 0.4478182273707901, 3.53182432609914e-17, 0.38289677532562133, 0.21190144117800414, 0.019257540058464907, 3.346728262827107e-27, 1.2547809565146442e-18, 0.5585914605047875, 0.6785667519547544, 0.26559975611617076, 0.555650425507133, 0.558714531032465, 0.24512954091544062, 0.5603031879089392, 0.4565559970363878, 0.4604571991139475, 0.39847827726486623, 0.4079722986051717, 0.5604037302269372]
TEST_EVALUATION_NEGATIVE:[0.35783513752859325, 0.4899923204059044, 0.3541743679430304, 0.10361576752352018, 0.6011723911477748, 0.39642131713175804, 0.13096015956786375, 0.0755442381528533, 0.00045010885392819455, 0.07227033808534175, 0.4213690421121305, 0.09916640311379166, 0.2478261344509045, 0.12324139947875166, 0.04268179618693254, 0.48180256708856667, 0.5375410724437159, 0.19129338381143202, 0.4931498944837156, 0.6328713055763623]
PATTERN_EDGES:[(1, 0), (1, 2), (1, 0), (1, 0)]
PATTERN_SCORES:[5.387646894427922, 9.758761054802426, 2.222426778329364, 3.9826084239051713]
PATTERN_TIMESTAMPS:[[13384.0, 84694.0, 79623.0, 20639.0, 9048.0, 35999.0], [74920.0, 14159.0, 39239.0, 27425.0, 32897.0, 69274.0], [84694.0, 20639.0, 76806.0, 13384.0, 9048.0, 35999.0], [153200.0, 35999.0, 12640.0, 9048.0, 75939.0, 23519.0]]
PATTERN_ATTRIBUTES:[[{'label': 0}, {'label': 0}, {'label': 0}, {'label': 0}, {'label': 0}, {'label': 0}], [{'label': 9}, {'label': 0}, {'label': 0}, {'label': 9}, {'label': 0}, {'label': 0}], [{'label': 19}, {'label': 8}, {'label': 8}, {'label': 8}, {'label': 8}, {'label': 0}], [{'label': 8}, {'label': 0}, {'label': 3}, {'label': 0}, {'label': 0}, {'label': 3}]]
PATTERN_DIRECTIONS:[False, True, False, False]
PATTERN_UNDIRECTED:False
