DATA:enron
TOTAL_TIME:2213
TIME_UNIT_PRIMARY:345600
TIME_UNIT_SECONDARY:172800
RANDOM_WALKS:1000
PROB_RESTART:0.1
MAX_PATTERN_EDGES:10
EVALUATION_RANDOM_WALKS:10
TEST_EVALUATION_POSITIVE:[0.5422057404154297, 0.5700536925779673, 0.6829300157398461, 0.5202985565194036, 0.4356445697371054, 0.4725433201300553, 0.6023360243170219, 0.5922381104657517, 0.4242436682573597, 0.474466417847001, 0.472695398599701, 0.5780551679834665, 0.5192087227107137, 0.5736355333811725, 0.36826031656211766, 0.5406077597314176, 0.44686215416900277, 0.5893728239651694, 0.6491939417833029, 0.6051858396393712]
TEST_EVALUATION_NEGATIVE:[0.5235760318507705, 0.5978161265396549, 0.37378751326672666, 0.2470872299170223, 0.5051752128499101, 0.5682220343951591, 0.3557700566256645, 0.5345865926291826, 0.20603113530119088, 0.11840305915179083, 0.6778197710239897, 0.12270564148595829, 0.21668587277378148, 0.6728629776358277, 0.39731201106814407, 0.38504524034902876, 0.3805037769175046, 6.97860513477051e-27, 0.31345529155106167, 0.4835916713676464]
PATTERN_EDGES:[(1, 2), (0, 3), (0, 3)]
PATTERN_SCORES:[4.791168299293094, 3.307340387723455, 2.0706576961488636]
PATTERN_TIMESTAMPS:[[317259.0, 434827.0, 184085.0, 425159.0, 187903.0, 584879.0, 172414.0, 265252.0], [283601.0, 246275.0, 686980.0, 425737.0, 415572.0, 276675.0, 323759.0, 327539.0], [438719.0, 432566.0, 415475.0, 89606.0, 401879.0, 415562.0, 276675.0, 899646.0]]
PATTERN_ATTRIBUTES:[[{'label': 0}, {'label': 0}, {'label': 0}, {'label': 0}, {'label': 0}, {'label': 9}, {'label': 0}, {'label': 5}], [{'label': 9}, {'label': 9}, {'label': 9}, {'label': 8}, {'label': 9}, {'label': 9}, {'label': 0}, {'label': 9}], [{'label': 0}, {'label': 0}, {'label': 0}, {'label': 0}, {'label': 0}, {'label': 0}, {'label': 0}, {'label': 0}]]
PATTERN_DIRECTIONS:[True, False, False]
PATTERN_UNDIRECTED:False
