DATA:enron
TOTAL_TIME:1905
TIME_UNIT_PRIMARY:172800
TIME_UNIT_SECONDARY:172800
RANDOM_WALKS:1000
PROB_RESTART:0.1
MAX_PATTERN_EDGES:10
EVALUATION_RANDOM_WALKS:10
TEST_EVALUATION_POSITIVE:[0.6068689275100669, 0.6278849677374191, 0.39951237042376075, 0.2915960970786997, 0.7755424166762368, 0.5587230077882773, 0.44172314103070387, 0.45460255681431194, 0.48828818480748554, 0.5106654710906575, 0.45448231443044373, 0.5858387830357676, 0.5133933477206788, 0.4293325874397513, 0.5453680038762542, 0.5378756689131083, 0.4879742455436742, 0.40262959202546844, 0.48828818480748554, 0.6025350290427397]
TEST_EVALUATION_NEGATIVE:[0.3610982297508655, 0.11673681988296072, 0.17681303700681822, 0.15784566144471318, 0.3808970657818036, 0.2781771395390943, 0.4244733492781555, 0.40712032181279056, 0.5127554533626395, 0.14054985779106527, 0.5313892763621324, 1.999647456144908e-08, 2.1639156241905744e-24, 0.29455921882665714, 0.3893588148650345, 0.5344122501217632, 0.20148642088036972, 0.00028289357335577366, 0.441050474598821, 0.48323070207037816]
PATTERN_EDGES:[(2, 0)]
PATTERN_SCORES:[1.4959624965851508]
PATTERN_TIMESTAMPS:[[519200.0, 134700.0, 204419.0, 242908.0, 84694.0, 140399.0, 511739.0, 511739.0]]
PATTERN_ATTRIBUTES:[[{'label': 0}, {'label': 0}, {'label': 20}, {'label': 3}, {'label': 19}, {'label': 0}, {'label': 20}, {'label': 20}]]
PATTERN_DIRECTIONS:[False]
PATTERN_UNDIRECTED:False
