DATA:enron
TOTAL_TIME:7047
TIME_UNIT_PRIMARY:172800
TIME_UNIT_SECONDARY:43200
RANDOM_WALKS:5000
PROB_RESTART:0.1
MAX_PATTERN_EDGES:10
EVALUATION_RANDOM_WALKS:10
TEST_EVALUATION_POSITIVE:[0.3021828951258319, 0.4495196959539903, 0.40100709935451945, 0.39554481867194863, 0.08790728095646387, 0.34702491906938404, 0.2912972999965985, 0.08790874640132983, 0.6278880825823078, 0.21535438958314396, 0.5422776995505492, 0.2606936572996514, 0.5054411557756194, 0.5559198132683314, 0.38223190174872357, 0.5389963327040954, 0.12274851330852592, 0.2687318247216418, 0.4939440872408736, 0.4825390009980564]
TEST_EVALUATION_NEGATIVE:[0.23130039874445646, 0.000877337190493376, 0.31465171654240137, 0.0019806047800455667, 0.14742326198967445, 0.5117540826068878, 0.0008657650248600621, 0.08045000059059362, 0.3589533607370277, 0.5488308243495813, 0.06900355671969045, 1.3776295769108595e-05, 0.16974556572526942, 0.24438071381854048, 0.16030657090087796, 0.5048526047100638, 0.45406071904666495, 0.5042601570684214, 0.299334461696901, 0.14156767137769108]
PATTERN_EDGES:[(1, 2), (0, 3), (1, 0), (1, 0), (0, 4), (1, 2)]
PATTERN_SCORES:[26.703606713386698, 27.366480423494437, 28.187508741155046, 40.698367808075815, 16.79409290488856, 11.625181718289099]
PATTERN_TIMESTAMPS:[[89499.0, 14159.0, 28635.0, 186119.0, 260875.0, 266639.0, 32897.0], [25403.0, 19919.0, 103930.0, 28158.0, 6959.0, 95087.0, 246179.0], [4379.0, 8155.0, 9048.0, 13384.0, 14639.0, 539.0, 9048.0], [13384.0, 14109.0, 9048.0, 2819.0, 27839.0, 9048.0, 539.0], [9048.0, 23519.0, 1079.0, 13384.0, 2819.0, 8155.0, 9048.0], [14159.0, 186119.0, 266639.0, 32897.0, 437901.0, 89499.0, 343427.0]]
PATTERN_ATTRIBUTES:[[{'label': 0}, {'label': 0}, {'label': 20}, {'label': 20}, {'label': 9}, {'label': 5}, {'label': 20}], [{'label': 0}, {'label': 1}, {'label': 9}, {'label': 0}, {'label': 1}, {'label': 0}, {'label': 0}], [{'label': 0}, {'label': 0}, {'label': 0}, {'label': 0}, {'label': 0}, {'label': 0}, {'label': 0}], [{'label': 8}, {'label': 8}, {'label': 8}, {'label': 5}, {'label': 8}, {'label': 8}, {'label': 8}], [{'label': 0}, {'label': 0}, {'label': 0}, {'label': 0}, {'label': 0}, {'label': 0}, {'label': 0}], [{'label': 0}, {'label': 0}, {'label': 0}, {'label': 0}, {'label': 12}, {'label': 0}, {'label': 11}]]
PATTERN_DIRECTIONS:[True, False, False, False, True, True]
PATTERN_UNDIRECTED:False
