DATA:enron
TOTAL_TIME:2073
TIME_UNIT_PRIMARY:345600
TIME_UNIT_SECONDARY:172800
RANDOM_WALKS:1000
PROB_RESTART:0.1
MAX_PATTERN_EDGES:10
EVALUATION_RANDOM_WALKS:10
TEST_EVALUATION_POSITIVE:[0.46229913662604666, 0.41101677567116507, 0.3570477571922407, 0.4429231736036962, 0.31480193257557254, 0.19277459883863485, 0.31411723503105704, 0.6014855379496518, 0.6440110796228888, 0.2522789924012473, 0.5511674777078197, 0.43085142704701734, 0.5779173906443513, 0.4136302043001665, 0.5119163264366176, 0.38014071818534123, 0.39154351862300096, 0.12044963168161166, 0.09068113410703348, 0.49140137639614956]
TEST_EVALUATION_NEGATIVE:[0.19691569586581137, 0.2825955761644161, 0.25647452519960434, 0.6502404214399486, 0.39217346971441536, 0.5669451986603437, 0.5618643549496791, 4.7060571689722037e-07, 0.45328774837448915, 0.21536901322432472, 0.453608595426376, 0.4209736281965516, 0.3061519863595454, 0.09453970011806918, 0.554620942657245, 0.21874055904265002, 0.3928639262036774, 0.2723025597070611, 0.080689998733457, 0.08566597838865384]
PATTERN_EDGES:[(0, 2), (1, 2), (1, 2)]
PATTERN_SCORES:[5.427542394664857, 4.703595715563278, 3.3462487627598847]
PATTERN_TIMESTAMPS:[[167353.0, 84451.0, 82739.0, 95087.0, 259319.0, 65406.0, 28158.0, 98339.0, 59235.0, 173856.0, 28158.0, 143159.0, 21847.0, 96941.0, 98339.0, 436259.0], [609897.0, 51480.0, 429099.0, 473861.0, 268248.0, 645599.0, 3239.0, 66284.0, 91247.0, 10021.0, 448965.0, 504335.0, 645599.0, 434099.0, 939719.0, 100079.0], [464391.0, 91079.0, 100079.0, 122614.0, 39239.0, 51480.0, 659579.0, 32897.0, 318380.0, 645599.0, 27599.0, 81798.0, 25403.0, 743981.0, 525659.0, 645599.0]]
PATTERN_ATTRIBUTES:[[{'label': 9}, {'label': 9}, {'label': 9}, {'label': 9}, {'label': 9}, {'label': 9}, {'label': 9}, {'label': 0}, {'label': 9}, {'label': 9}, {'label': 9}, {'label': 0}, {'label': 9}, {'label': 9}, {'label': 9}, {'label': 9}], [{'label': 9}, {'label': 9}, {'label': 9}, {'label': 0}, {'label': 9}, {'label': 0}, {'label': 9}, {'label': 9}, {'label': 9}, {'label': 9}, {'label': 9}, {'label': 0}, {'label': 24}, {'label': 0}, {'label': 0}, {'label': 9}], [{'label': 0}, {'label': 0}, {'label': 0}, {'label': 0}, {'label': 0}, {'label': 0}, {'label': 0}, {'label': 0}, {'label': 0}, {'label': 0}, {'label': 0}, {'label': 20}, {'label': 0}, {'label': 6}, {'label': 0}, {'label': 24}]]
PATTERN_DIRECTIONS:[False, True, True]
PATTERN_UNDIRECTED:False
