DATA:enron
TOTAL_TIME:1774
TIME_UNIT_PRIMARY:172800
TIME_UNIT_SECONDARY:43200
RANDOM_WALKS:1000
PROB_RESTART:0.1
MAX_PATTERN_EDGES:10
EVALUATION_RANDOM_WALKS:10
TEST_EVALUATION_POSITIVE:[0.4546062583164157, 0.5869066522042781, 0.525434233180764, 0.49504442663225384, 0.5678924904199322, 0.5937042021691689, 0.44395213340311473, 0.6147595371538878, 0.42104906284687293, 0.589765916075323, 0.6251969646590206, 3.328944446752617e-05, 0.44051707625174713, 0.4684304996359064, 0.4451311240290111, 0.10066536959318965, 0.4943483645499822, 0.5730841562608501, 0.5522551283583329, 0.6403640051308954]
TEST_EVALUATION_NEGATIVE:[0.08534289215717016, 0.10886444023481379, 0.02156556145087028, 0.46996353994599593, 0.15256761319960804, 0.2645057531640729, 0.01622492740377821, 0.21036956965303152, 0.5848758839825455, 0.3188056898042723, 0.11706823286145376, 0.01621682213262892, 0.03299025633965325, 0.09747656069557573, 0.18824380103112875, 0.25264247102751586, 0.4795411946077767, 0.4836305386958366, 0.0735666138692425, 0.01622738239877303]
PATTERN_EDGES:[(0, 2), (0, 2), (1, 0), (2, 0)]
PATTERN_SCORES:[4.4821498273515665, 2.206560966786952, 3.7842464873540043, 3.655652398282845]
PATTERN_TIMESTAMPS:[[165130.0, 89606.0, 19919.0, 457188.0, 98339.0, 92267.0, 82739.0, 31019.0, 95087.0, 24687.0, 89908.0, 7739.0, 94799.0, 98505.0], [72659.0, 138215.0, 24042.0, 86399.0, 22392.0, 102419.0, 91739.0, 64259.0, 97566.0, 96253.0, 35999.0, 137793.0, 148614.0, 65364.0], [113519.0, 97566.0, 116399.0, 151187.0, 173399.0, 197917.0, 6018.0, 207719.0, 134700.0, 175979.0, 173699.0, 148614.0, 80799.0, 172619.0], [62881.0, 86479.0, 86399.0, 35999.0, 103335.0, 90479.0, 102419.0, 24042.0, 80799.0, 27839.0, 91739.0, 81166.0, 65364.0, 134700.0]]
PATTERN_ATTRIBUTES:[[{'label': 0}, {'label': 9}, {'label': 0}, {'label': 9}, {'label': 9}, {'label': 9}, {'label': 9}, {'label': 0}, {'label': 9}, {'label': 0}, {'label': 5}, {'label': 0}, {'label': 9}, {'label': 0}], [{'label': 0}, {'label': 0}, {'label': 0}, {'label': 0}, {'label': 0}, {'label': 0}, {'label': 0}, {'label': 0}, {'label': 7}, {'label': 0}, {'label': 0}, {'label': 0}, {'label': 0}, {'label': 0}], [{'label': 0}, {'label': 0}, {'label': 0}, {'label': 0}, {'label': 0}, {'label': 0}, {'label': 10}, {'label': 0}, {'label': 0}, {'label': 0}, {'label': 0}, {'label': 0}, {'label': 0}, {'label': 0}], [{'label': 8}, {'label': 8}, {'label': 0}, {'label': 0}, {'label': 5}, {'label': 5}, {'label': 0}, {'label': 10}, {'label': 8}, {'label': 8}, {'label': 8}, {'label': 8}, {'label': 8}, {'label': 8}]]
PATTERN_DIRECTIONS:[False, True, False, False]
PATTERN_UNDIRECTED:False
