DATA:enron
TOTAL_TIME:1262
TIME_UNIT_PRIMARY:172800
TIME_UNIT_SECONDARY:43200
RANDOM_WALKS:1000
PROB_RESTART:0.1
MAX_PATTERN_EDGES:10
EVALUATION_RANDOM_WALKS:10
TEST_EVALUATION_POSITIVE:[0.533100834697697, 0.6264473991723792, 0.621610735701717, 0.4059561860847632, 0.38393133224885023, 0.5845788477846192, 0.3155328242137367, 0.35575173165947893, 0.520474144855946, 0.1134913711128428, 0.6083195070026259, 0.6602215575795863, 0.6213878872620578, 0.5948573200293238, 0.41340966651744315, 0.23749757792370452, 0.5925581470516699, 0.3377113516495051, 0.40741122232618143, 0.38284798160181194]
TEST_EVALUATION_NEGATIVE:[0.4213159003186437, 0.24339553543246262, 0.17162657744766072, 0.2162564280954704, 0.4268425231312832, 0.19597977418982082, 0.1378805169170731, 0.05373059764599034, 0.1927816965528877, 0.6303404812711533, 0.57400165356293, 0.4015246433729283, 0.05489341602418002, 1.4173075929328012e-05, 0.10400824906983909, 0.5443937609798679, 0.1513276985239533, 1.5585868926305553e-13, 0.01545665427357929, 0.3158218875297116]
PATTERN_EDGES:[(0, 3), (1, 0), (1, 2), (1, 0)]
PATTERN_SCORES:[8.689619072262879, 15.065310675412773, 1.7388952347717743, 3.3443297541316173]
PATTERN_TIMESTAMPS:[[23201.0, 19919.0, 64730.0], [77819.0, 27839.0, 85181.0], [356073.0, 3239.0, 14159.0], [115500.0, 116399.0, 41519.0]]
PATTERN_ATTRIBUTES:[[{'label': 9}, {'label': 0}, {'label': 9}], [{'label': 0}, {'label': 0}, {'label': 0}], [{'label': 0}, {'label': 0}, {'label': 0}], [{'label': 9}, {'label': 0}, {'label': 9}]]
PATTERN_DIRECTIONS:[False, False, False, False]
PATTERN_UNDIRECTED:False
