DATA:enron
TOTAL_TIME:6558
TIME_UNIT_PRIMARY:172800
TIME_UNIT_SECONDARY:43200
RANDOM_WALKS:5000
PROB_RESTART:0.1
MAX_PATTERN_EDGES:10
EVALUATION_RANDOM_WALKS:10
TEST_EVALUATION_POSITIVE:[0.6249159279409557, 0.39942716620241225, 0.14476899423360642, 0.632484396118002, 0.1568030773716932, 0.2333003743290082, 0.6838031850514801, 0.3480911064248503, 0.6316692352283397, 0.22614392565018157, 0.6835820832074199, 0.636031934332165, 0.15669951798479553, 0.34694917735311415, 0.3673271867642439, 0.1899542541311245, 0.2556574947901379, 0.4040132302670466, 0.1864497995994119, 0.39840448525824246]
TEST_EVALUATION_NEGATIVE:[0.3713273715226853, 0.08687480559663421, 0.5111227400858783, 0.29553842980835004, 0.5256071693200268, 0.6274824378438859, 0.8012060830144803, 0.06585366231578989, 0.3780782400684737, 0.01124958267803903, 0.4513696244372044, 0.5436906005088464, 0.1300162824180448, 0.4972562649796233, 0.4877254679285029, 0.07316187290735984, 0.10582990764857188, 0.31155506646762876, 0.4590726894152453, 0.07141269694621402]
PATTERN_EDGES:[(0, 2), (0, 2)]
PATTERN_SCORES:[39.30654685011939, 4.751396851420404]
PATTERN_TIMESTAMPS:[[361379.0, 381629.0, 189239.0, 161819.0, 400259.0, 31019.0, 400259.0, 379979.0], [188339.0, 400259.0, 177179.0, 381629.0, 189239.0, 372239.0, 710159.0, 400259.0]]
PATTERN_ATTRIBUTES:[[{'label': 0}, {'label': 0}, {'label': 1}, {'label': 0}, {'label': 0}, {'label': 2}, {'label': 0}, {'label': 0}], [{'label': 0}, {'label': 0}, {'label': 0}, {'label': 0}, {'label': 0}, {'label': 0}, {'label': 0}, {'label': 0}]]
PATTERN_DIRECTIONS:[False, False]
PATTERN_UNDIRECTED:False
