DATA:enron
TOTAL_TIME:7242
TIME_UNIT_PRIMARY:172800
TIME_UNIT_SECONDARY:43200
RANDOM_WALKS:5000
PROB_RESTART:0.1
MAX_PATTERN_EDGES:10
EVALUATION_RANDOM_WALKS:10
TEST_EVALUATION_POSITIVE:[0.2628285231400812, 0.5914243703636233, 0.40997085771827063, 0.30685651086944726, 0.4481064077808271, 0.3487471318693641, 0.1948471382829397, 0.2929836850552081, 0.4718400851256989, 0.23135782207500544, 0.6061028675655438, 0.37332298567944533, 0.5211863353138438, 0.38114766678265155, 0.3171390412887952, 0.26704822394519434, 0.3553064296159401, 0.5763532035367407, 0.3526398622107772, 0.18597327539948716]
TEST_EVALUATION_NEGATIVE:[0.1943456814771451, 0.15954507575187585, 0.0001272596935074477, 0.36622402640541085, 0.008823412902121037, 0.002226669832854961, 0.40964716915446664, 0.0001272596935074477, 0.2852308010551192, 0.37004275886876714, 0.1630654746272267, 0.3221998376368932, 0.44419965900098646, 0.07744238165867096, 0.5078129590484364, 0.08200884043072032, 3.392815229049783e-05, 2.177981580555261e-10, 0.3507744188908264, 0.449914078361893]
PATTERN_EDGES:[(0, 2), (1, 3)]
PATTERN_SCORES:[20.942853263728367, 22.075092820718297]
PATTERN_TIMESTAMPS:[[22139.0, 22139.0, 92267.0, 25403.0, 117425.0, 1619.0, 28158.0, 6959.0], [603419.0, 25403.0, 19679.0, 18858.0, 531.0, 27636.0, 584879.0, 608039.0]]
PATTERN_ATTRIBUTES:[[{'label': 10}, {'label': 10}, {'label': 9}, {'label': 0}, {'label': 9}, {'label': 0}, {'label': 9}, {'label': 0}], [{'label': 9}, {'label': 0}, {'label': 0}, {'label': 0}, {'label': 0}, {'label': 5}, {'label': 9}, {'label': 0}]]
PATTERN_DIRECTIONS:[False, True]
PATTERN_UNDIRECTED:False
