DATA:enron
TOTAL_TIME:1863
TIME_UNIT_PRIMARY:172800
TIME_UNIT_SECONDARY:172800
RANDOM_WALKS:1000
PROB_RESTART:0.1
MAX_PATTERN_EDGES:10
EVALUATION_RANDOM_WALKS:10
TEST_EVALUATION_POSITIVE:[0.650603351410243, 0.6364004309244828, 0.578213381056515, 0.6983044714321458, 0.5900145231767423, 0.4611463057679145, 0.18555923606410618, 0.7608241722084896, 0.5991472676902254, 0.5250167366098429, 0.7632220682150561, 0.45108628212414104, 0.7688837095152246, 0.3738630576812325, 0.6476443551792466, 0.4749424574633195, 0.48666642648894626, 0.23144584422047348, 0.35789065951879073, 0.621401137258799]
TEST_EVALUATION_NEGATIVE:[0.3474818941685671, 0.6902998159530288, 0.07499193009468919, 0.210851682429211, 0.1269306288526091, 0.23761697046960947, 0.1164212410880135, 0.42759661062586485, 0.7303996759513411, 0.05933657749765172, 0.005224585828467039, 0.7891578999659833, 0.15203909422626305, 0.121922660532741, 0.43542065089775883, 0.7860027795063715, 0.8020645140086756, 0.0682399378283261, 0.6428246983948962, 0.03832887774274359]
PATTERN_EDGES:[(0, 2), (1, 2), (1, 2), (0, 1), (1, 0)]
PATTERN_SCORES:[0.6006052475182643, 4.192589166116007, 2.8260555653310107, 3.386943782624419, 2.6004255408380477]
PATTERN_TIMESTAMPS:[[84299.0, 38219.0, 74252.0, 553163.0, 379979.0, 163251.0, 31019.0, 793439.0, 707399.0], [8519.0, 24359.0, 28619.0, 65406.0, 21847.0, 168839.0, 188339.0, 69274.0, 899.0], [21847.0, 8519.0, 188339.0, 65406.0, 11759.0, 69274.0, 168839.0, 27599.0, 167999.0], [28619.0, 74206.0, 173879.0, 113759.0, 188879.0, 65406.0, 148139.0, 188339.0, 21847.0], [76559.0, 152759.0, 88439.0, 67661.0, 102299.0, 165479.0, 83459.0, 3108.0, 76536.0]]
PATTERN_ATTRIBUTES:[[{'label': 0}, {'label': 0}, {'label': 0}, {'label': 0}, {'label': 0}, {'label': 0}, {'label': 0}, {'label': 0}, {'label': 0}], [{'label': 0}, {'label': 0}, {'label': 0}, {'label': 0}, {'label': 0}, {'label': 0}, {'label': 0}, {'label': 0}, {'label': 0}], [{'label': 0}, {'label': 0}, {'label': 0}, {'label': 0}, {'label': 0}, {'label': 0}, {'label': 0}, {'label': 0}, {'label': 0}], [{'label': 0}, {'label': 0}, {'label': 0}, {'label': 0}, {'label': 0}, {'label': 0}, {'label': 0}, {'label': 0}, {'label': 0}], [{'label': 0}, {'label': 0}, {'label': 0}, {'label': 0}, {'label': 0}, {'label': 0}, {'label': 0}, {'label': 0}, {'label': 0}]]
PATTERN_DIRECTIONS:[False, True, True, False, False]
PATTERN_UNDIRECTED:False
