DATA:enron
TOTAL_TIME:3484
TIME_UNIT_PRIMARY:172800
TIME_UNIT_SECONDARY:43200
RANDOM_WALKS:5000
PROB_RESTART:0.3
MAX_PATTERN_EDGES:10
EVALUATION_RANDOM_WALKS:10
TEST_EVALUATION_POSITIVE:[0.18088880207637886, 0.562840111209583, 0.4754187114724457, 0.4883885499594148, 0.2127458783152257, 0.26609181980334123, 0.22510393038387005, 0.2220413049731302, 0.5743807611351851, 0.4354293718975158, 0.5040657103002267, 1.8362123279190206e-05, 0.4063132100527159, 0.49012597194671087, 6.862015662568329e-06, 0.33109441838527065, 0.5588164865583993, 0.3836662361398438, 0.5275689329774456, 0.3816874632237099]
TEST_EVALUATION_NEGATIVE:[0.15561326447938725, 0.10445810904583425, 0.018416919022216444, 0.46299391088145037, 0.20352707034969494, 0.036108129818147365, 0.2683100653399315, 0.04946760252636083, 0.5136836992264666, 0.44029005643196234, 0.4046893607813591, 0.4266562149429133, 0.4005418278354857, 0.4052201261527021, 0.13340729285914518, 0.2831410149159654, 0.09886987799822088, 0.28035908676828536, 0.34390420458721105, 0.033601461710553074]
PATTERN_EDGES:[(1, 0), (0, 2), (1, 0), (0, 2)]
PATTERN_SCORES:[26.462080305250275, 36.07240856068423, 20.02634054077675, 17.781062858880606]
PATTERN_TIMESTAMPS:[[33582.0, 84903.0, 203939.0, 185954.0, 35999.0, 77158.0, 175979.0, 77158.0, 8039.0, 28269.0, 13384.0, 31049.0, 77158.0], [95087.0, 31019.0, 84451.0, 8420.0, 17499.0, 82739.0, 89908.0, 31019.0, 28158.0, 279959.0, 19624.0, 84451.0, 84451.0], [85181.0, 84694.0, 102299.0, 1211.0, 13384.0, 185954.0, 35999.0, 84694.0, 89196.0, 102299.0, 84694.0, 8039.0, 62881.0], [31019.0, 279959.0, 287906.0, 21847.0, 426683.0, 95087.0, 8420.0, 100730.0, 287906.0, 14213.0, 31019.0, 262517.0, 28158.0]]
PATTERN_ATTRIBUTES:[[{'label': 8}, {'label': 9}, {'label': 0}, {'label': 0}, {'label': 2}, {'label': 8}, {'label': 0}, {'label': 8}, {'label': 9}, {'label': 8}, {'label': 8}, {'label': 9}, {'label': 8}], [{'label': 0}, {'label': 0}, {'label': 9}, {'label': 0}, {'label': 0}, {'label': 9}, {'label': 5}, {'label': 0}, {'label': 0}, {'label': 24}, {'label': 0}, {'label': 9}, {'label': 9}], [{'label': 0}, {'label': 0}, {'label': 0}, {'label': 0}, {'label': 0}, {'label': 2}, {'label': 0}, {'label': 0}, {'label': 0}, {'label': 0}, {'label': 0}, {'label': 0}, {'label': 0}], [{'label': 2}, {'label': 0}, {'label': 0}, {'label': 9}, {'label': 9}, {'label': 9}, {'label': 3}, {'label': 9}, {'label': 0}, {'label': 9}, {'label': 2}, {'label': 0}, {'label': 9}]]
PATTERN_DIRECTIONS:[False, False, False, False]
PATTERN_UNDIRECTED:False
