DATA:enron
TOTAL_TIME:2830
TIME_UNIT_PRIMARY:172800
TIME_UNIT_SECONDARY:43200
RANDOM_WALKS:5000
PROB_RESTART:0.3
MAX_PATTERN_EDGES:10
EVALUATION_RANDOM_WALKS:10
TEST_EVALUATION_POSITIVE:[0.08702447982605331, 0.44672708527199434, 0.44105180268755295, 0.08128804291918489, 0.08128804291918489, 0.3540129782197052, 0.37490072678915426, 0.49969596957706125, 0.5542607709092663, 0.30175272316197416, 0.500588134673158, 0.4023980169856353, 0.4392351690294116, 0.45666090650508245, 0.3840915932163813, 0.4414210406500451, 0.47627627561576014, 0.5489527272667506, 0.2790504452755384, 0.19814172627166562]
TEST_EVALUATION_NEGATIVE:[6.195031423717622e-12, 0.09107892827590681, 0.002318941514527401, 0.6060989096695217, 1.0596843027453896e-05, 0.22116452343003568, 0.46060481850264945, 0.09632617986192286, 0.29410364490807955, 0.04157778739612703, 0.30601058916450447, 0.1627289734466395, 0.06781497216030122, 0.671383285854251, 0.6193909723301044, 0.21352971844585503, 0.11381821259166468, 0.13058441284420932, 0.11789874299623639, 0.11876724705219148]
PATTERN_EDGES:[(1, 2), (1, 0), (1, 0), (0, 2)]
PATTERN_SCORES:[5.3281096419629375, 43.352548061388575, 11.476140418804093, 30.849118556244168]
PATTERN_TIMESTAMPS:[[26651.0, 73385.0, 39239.0, 114419.0, 95087.0, 1319.0, 115739.0, 119999.0, 111993.0, 186119.0, 4499.0], [77519.0, 5999.0, 77158.0, 27839.0, 13384.0, 13384.0, 91499.0, 539.0, 20161.0, 110519.0, 20639.0], [25259.0, 20639.0, 539.0, 35999.0, 22504.0, 5999.0, 91499.0, 13384.0, 84694.0, 13384.0, 20219.0], [95087.0, 92099.0, 95087.0, 84451.0, 60959.0, 92099.0, 32939.0, 82739.0, 6959.0, 111993.0, 65819.0]]
PATTERN_ATTRIBUTES:[[{'label': 0}, {'label': 0}, {'label': 0}, {'label': 0}, {'label': 0}, {'label': 0}, {'label': 0}, {'label': 0}, {'label': 0}, {'label': 0}, {'label': 0}], [{'label': 9}, {'label': 8}, {'label': 8}, {'label': 8}, {'label': 8}, {'label': 8}, {'label': 0}, {'label': 8}, {'label': 9}, {'label': 0}, {'label': 8}], [{'label': 0}, {'label': 0}, {'label': 0}, {'label': 0}, {'label': 0}, {'label': 0}, {'label': 0}, {'label': 0}, {'label': 0}, {'label': 0}, {'label': 0}], [{'label': 9}, {'label': 9}, {'label': 9}, {'label': 9}, {'label': 9}, {'label': 9}, {'label': 0}, {'label': 9}, {'label': 1}, {'label': 0}, {'label': 0}]]
PATTERN_DIRECTIONS:[False, False, False, False]
PATTERN_UNDIRECTED:False
