DATA:enron
TOTAL_TIME:2908
TIME_UNIT_PRIMARY:172800
TIME_UNIT_SECONDARY:43200
RANDOM_WALKS:5000
PROB_RESTART:0.3
MAX_PATTERN_EDGES:10
EVALUATION_RANDOM_WALKS:10
TEST_EVALUATION_POSITIVE:[0.3635338935167792, 0.15995489154658127, 0.29253495518291367, 0.5191224680632869, 0.3347783194089502, 0.4265662350980934, 0.3361708218491911, 0.7776815138761793, 0.609387890900728, 0.30807966216154364, 0.43676069552401636, 0.15508043942472927, 0.6929532901949729, 0.2001420838082181, 0.46033142325011756, 0.3347610226214081, 0.6202967294242654, 0.7972693980325817, 0.7944332619140541, 0.5725627948495698]
TEST_EVALUATION_NEGATIVE:[0.36425655684689245, 0.005590067583636514, 0.3773148821406608, 0.4619309169811484, 0.004946513559332166, 0.002828214190552005, 0.23660746785109063, 0.12183278419423613, 0.3142079865390688, 0.0016443606010463434, 0.3414589103744653, 0.3771562687450755, 0.723652062751816, 1.0484677439546767e-12, 0.08642909130203882, 2.0843236983409164e-14, 0.8268330648048258, 0.3414603686895634, 0.37571847519817564, 0.3436407752813582]
PATTERN_EDGES:[(0, 2), (1, 3)]
PATTERN_SCORES:[34.138252488345124, 33.386139678836805]
PATTERN_TIMESTAMPS:[[8420.0, 31019.0, 11082.0, 74252.0, 46739.0], [3239.0, 65406.0, 6357.0, 24687.0, 11759.0]]
PATTERN_ATTRIBUTES:[[{'label': 0}, {'label': 0}, {'label': 0}, {'label': 0}, {'label': 9}], [{'label': 0}, {'label': 0}, {'label': 0}, {'label': 0}, {'label': 0}]]
PATTERN_DIRECTIONS:[False, True]
PATTERN_UNDIRECTED:False
