DATA:enron
TOTAL_TIME:2020
TIME_UNIT_PRIMARY:345600
TIME_UNIT_SECONDARY:172800
RANDOM_WALKS:1000
PROB_RESTART:0.1
MAX_PATTERN_EDGES:10
EVALUATION_RANDOM_WALKS:10
TEST_EVALUATION_POSITIVE:[0.528311502983713, 0.6524305237402367, 0.5173778702741381, 0.40251309443222266, 0.6815180202451107, 0.5401595481895383, 0.6075717452789032, 0.5997262044718304, 0.7147750885208354, 0.19773225115950993, 0.5851951266986374, 0.3842037237411918, 0.7915646733731201, 0.5421790700975426, 0.2431252657670672, 0.5829551622363279, 0.17694287107858483, 0.5014685943711438, 0.7281253055115856, 0.607278916348391]
TEST_EVALUATION_NEGATIVE:[0.13191195409474593, 0.06347717370647642, 0.2483824335164686, 0.23741278399243695, 0.22284461149504173, 0.5576748386770365, 0.237676281087524, 0.09113792480714858, 0.44432090950695496, 2.243550703214462e-07, 0.0002617442277844383, 0.3856161533748579, 0.6388727716907889, 0.21265177889269213, 0.41105372301782267, 0.33203204227441824, 0.509332509517447, 0.14955400338735525, 0.5766430016125771, 0.08647602981330123]
PATTERN_EDGES:[(4, 5), (0, 2), (1, 0), (1, 0)]
PATTERN_SCORES:[0.729034467225022, 3.723763831878986, 6.614774796768607, 4.439581139066878]
PATTERN_TIMESTAMPS:[[279274.0, 353383.0, 152000.0, 260819.0, 339704.0, 530039.0, 104568.0], [167353.0, 147239.0, 183476.0, 262517.0, 812939.0, 183476.0, 814917.0], [12959.0, 8155.0, 8155.0, 144620.0, 5999.0, 13384.0, 153200.0], [608279.0, 624120.0, 755239.0, 626579.0, 614778.0, 77158.0, 692626.0]]
PATTERN_ATTRIBUTES:[[{'label': 0}, {'label': 5}, {'label': 0}, {'label': 0}, {'label': 0}, {'label': 0}, {'label': 0}], [{'label': 0}, {'label': 0}, {'label': 0}, {'label': 0}, {'label': 9}, {'label': 0}, {'label': 0}], [{'label': 2}, {'label': 8}, {'label': 8}, {'label': 8}, {'label': 8}, {'label': 8}, {'label': 8}], [{'label': 0}, {'label': 0}, {'label': 0}, {'label': 0}, {'label': 0}, {'label': 8}, {'label': 0}]]
PATTERN_DIRECTIONS:[True, False, False, False]
PATTERN_UNDIRECTED:False
