DATA:enron
TOTAL_TIME:3111
TIME_UNIT_PRIMARY:172800
TIME_UNIT_SECONDARY:43200
RANDOM_WALKS:5000
PROB_RESTART:0.3
MAX_PATTERN_EDGES:10
EVALUATION_RANDOM_WALKS:10
TEST_EVALUATION_POSITIVE:[0.48706516956957513, 0.34253151496884604, 0.3130463018025778, 0.6132184726867518, 0.26330453880463167, 0.6140447843116477, 0.6572671817836281, 0.4247552061804945, 0.49477672371487713, 0.1668961732582107, 0.27589511343453343, 0.6300701492015728, 0.35724190268720457, 0.5647346928111486, 0.5015479612025134, 0.49558428865224996, 0.36653591960259313, 0.5381753263037542, 0.28588896025710014, 0.4036556698954959]
TEST_EVALUATION_NEGATIVE:[0.00010007855449544502, 0.01355384426213562, 0.47372882575568254, 0.4542490613397927, 9.532161993915198e-05, 0.1858873499015597, 0.0001034664778241954, 0.5613159730663153, 0.4218275212449055, 0.03270994066322413, 0.47385855636053514, 0.5334643991720955, 0.029434514110261267, 0.5763340064296719, 0.39826864404511086, 0.39605651077502635, 0.00088063663035999, 0.00010873412614865441, 0.21123127508088757, 0.20078894221992524]
PATTERN_EDGES:[(1, 0), (1, 0), (0, 2), (0, 2), (0, 2)]
PATTERN_SCORES:[21.797372669044442, 38.72057364444577, 30.26036645487744, 20.581298536208475, 8.035236676769122]
PATTERN_TIMESTAMPS:[[8155.0, 9048.0, 85181.0, 35999.0, 9048.0, 9048.0, 77819.0, 22504.0, 14283.0, 13384.0], [9048.0, 9048.0, 14109.0, 13384.0, 84903.0, 162272.0, 9048.0, 82809.0, 41819.0, 77819.0], [28158.0, 14213.0, 25403.0, 95087.0, 28158.0, 94431.0, 12144.0, 46739.0, 30942.0, 82739.0], [100730.0, 28158.0, 89499.0, 98013.0, 25403.0, 30942.0, 95087.0, 23201.0, 28158.0, 64730.0], [358859.0, 9048.0, 76942.0, 9048.0, 9048.0, 97075.0, 35999.0, 27002.0, 96164.0, 13384.0]]
PATTERN_ATTRIBUTES:[[{'label': 0}, {'label': 0}, {'label': 0}, {'label': 0}, {'label': 0}, {'label': 0}, {'label': 0}, {'label': 0}, {'label': 11}, {'label': 0}], [{'label': 8}, {'label': 8}, {'label': 8}, {'label': 8}, {'label': 9}, {'label': 8}, {'label': 8}, {'label': 8}, {'label': 9}, {'label': 9}], [{'label': 9}, {'label': 9}, {'label': 0}, {'label': 9}, {'label': 9}, {'label': 9}, {'label': 0}, {'label': 9}, {'label': 9}, {'label': 9}], [{'label': 9}, {'label': 0}, {'label': 0}, {'label': 0}, {'label': 16}, {'label': 0}, {'label': 0}, {'label': 0}, {'label': 0}, {'label': 9}], [{'label': 0}, {'label': 0}, {'label': 0}, {'label': 0}, {'label': 0}, {'label': 0}, {'label': 0}, {'label': 9}, {'label': 0}, {'label': 0}]]
PATTERN_DIRECTIONS:[False, False, False, False, True]
PATTERN_UNDIRECTED:False
