DATA:enron
TOTAL_TIME:1707
TIME_UNIT_PRIMARY:172800
TIME_UNIT_SECONDARY:172800
RANDOM_WALKS:1000
PROB_RESTART:0.1
MAX_PATTERN_EDGES:10
EVALUATION_RANDOM_WALKS:10
TEST_EVALUATION_POSITIVE:[0.48660341977828614, 0.45673898231365173, 0.40210852510129624, 0.5383940604494387, 0.47090305387221215, 0.5866278559736566, 0.3242918855404394, 0.6004948348426945, 0.28902236381811197, 0.49172237821204323, 0.38262090370496554, 0.5158284031784445, 0.5827991834008348, 0.5822556327236914, 0.33510232892090375, 0.619443195752247, 0.5566936990410716, 0.4794156810322976, 0.6457985498878178, 0.24995119906218188]
TEST_EVALUATION_NEGATIVE:[1.5704333743680325e-12, 1.578832837650395e-11, 0.1293709228371665, 0.4932180300561663, 0.1410885366729959, 0.47676453738051716, 0.15444358912925854, 0.4921004130664806, 0.19474779836678785, 0.41881937415548504, 0.5136426911205516, 0.3359116033256433, 0.24733569932918947, 0.5322457015886567, 0.08316428639282239, 0.5909194253227864, 0.5185172071956315, 0.17815316170562298, 1.7189388596543474e-05, 0.44301324700566946]
PATTERN_EDGES:[(0, 2), (1, 3), (0, 2), (1, 3)]
PATTERN_SCORES:[6.598820094797369, 7.463470043383461, 2.7124044312496136, 2.731387889831088]
PATTERN_TIMESTAMPS:[[262517.0, 287906.0, 46739.0, 163251.0, 23201.0, 21847.0, 95087.0, 262517.0, 28158.0, 22139.0], [869074.0, 181084.0, 286644.0, 123925.0, 3239.0, 25403.0, 339704.0, 36899.0, 69274.0, 317259.0], [84451.0, 21847.0, 64730.0, 83705.0, 84451.0, 95087.0, 28158.0, 17499.0, 84451.0, 22139.0], [123925.0, 317259.0, 339704.0, 25403.0, 637159.0, 439249.0, 69274.0, 3239.0, 19679.0, 1374702.0]]
PATTERN_ATTRIBUTES:[[{'label': 0}, {'label': 0}, {'label': 9}, {'label': 0}, {'label': 0}, {'label': 0}, {'label': 0}, {'label': 0}, {'label': 0}, {'label': 0}], [{'label': 9}, {'label': 8}, {'label': 8}, {'label': 0}, {'label': 0}, {'label': 0}, {'label': 0}, {'label': 0}, {'label': 0}, {'label': 0}], [{'label': 9}, {'label': 9}, {'label': 9}, {'label': 9}, {'label': 9}, {'label': 9}, {'label': 9}, {'label': 9}, {'label': 9}, {'label': 10}], [{'label': 9}, {'label': 0}, {'label': 0}, {'label': 16}, {'label': 9}, {'label': 9}, {'label': 0}, {'label': 0}, {'label': 0}, {'label': 0}]]
PATTERN_DIRECTIONS:[False, True, False, True]
PATTERN_UNDIRECTED:False
