DATA:enron
TOTAL_TIME:1891
TIME_UNIT_PRIMARY:172800
TIME_UNIT_SECONDARY:172800
RANDOM_WALKS:1000
PROB_RESTART:0.1
MAX_PATTERN_EDGES:10
EVALUATION_RANDOM_WALKS:10
TEST_EVALUATION_POSITIVE:[0.8787467539226248, 0.6157879492695822, 0.7666970686854554, 0.8635020454048775, 0.8074640046884, 0.2682837455208692, 0.7285255924092496, 0.829723951710643, 0.5856876218601023, 0.8789415070615433, 0.7882556948812105, 0.7091386120838338, 0.8804316389065974, 0.8453446739651014, 0.6614219085875787, 0.8443682359563671, 0.6830839702135602, 0.6389029203048422, 0.11882372430451792, 0.8438961093616026]
TEST_EVALUATION_NEGATIVE:[0.857921666432267, 0.8609353526588669, 0.5940687833660167, 0.8855229561852584, 0.6137739414190339, 0.0, 0.11417298571078427, 0.8342753017161275, 0.779590463650225, 0.17297025485230852, 0.13394979405833818, 0.8254515607775302, 0.8339977326189267, 0.14516706399438847, 0.8531119921303209, 0.7816251229275069, 0.8722727542109268, 0.8537316841086319, 0.8999004112187411, 0.43460208784534]
PATTERN_EDGES:[(0, 3)]
PATTERN_SCORES:[1.0275779990995715]
PATTERN_TIMESTAMPS:[[329279.0, 276675.0, 448472.0, 468119.0, 447479.0, 595619.0, 509879.0, 105787.0, 175379.0, 455819.0, 366299.0]]
PATTERN_ATTRIBUTES:[[{'label': 0}, {'label': 0}, {'label': 0}, {'label': 0}, {'label': 0}, {'label': 0}, {'label': 0}, {'label': 0}, {'label': 0}, {'label': 0}, {'label': 0}]]
PATTERN_DIRECTIONS:[False]
PATTERN_UNDIRECTED:False
