DATA:enron
TOTAL_TIME:7744
TIME_UNIT_PRIMARY:172800
TIME_UNIT_SECONDARY:43200
RANDOM_WALKS:5000
PROB_RESTART:0.1
MAX_PATTERN_EDGES:10
EVALUATION_RANDOM_WALKS:10
TEST_EVALUATION_POSITIVE:[0.5703782163073284, 0.5828082905935961, 0.3898905937194089, 0.4331820689643246, 0.6627042609190265, 0.32666150775808445, 0.4107592778319526, 0.3188007097659959, 0.47040094587024456, 0.5160374390734825, 0.5102872470600246, 0.6472853045476608, 0.4878608489836301, 0.49990979513944767, 0.14898601867347067, 0.3488108015070752, 0.44517455572022374, 0.17158778288118745, 0.6663931931412932, 0.37242224756255643]
TEST_EVALUATION_NEGATIVE:[0.4895949514121644, 0.4510949450071692, 0.22079962166418793, 0.4233175371986993, 0.49376935570728475, 0.16920353833022508, 0.0005482737609182764, 0.5574044079077546, 0.6695572586299217, 0.15997240975800736, 0.19231202648621606, 0.13148223868460793, 0.08095338271034365, 0.00037213905784691645, 0.20466190259503672, 0.48625762040014275, 0.34387109979117136, 0.4845276270850649, 0.40823322616676766, 0.004860576973152308]
PATTERN_EDGES:[(1, 2), (0, 3), (2, 4)]
PATTERN_SCORES:[44.01852639984979, 26.45660937581618, 5.78767125451363]
PATTERN_TIMESTAMPS:[[89499.0, 96941.0, 339704.0, 3239.0, 63419.0, 356073.0, 186119.0, 138719.0, 73385.0, 66461.0, 89499.0], [114659.0, 84451.0, 287906.0, 8279.0, 103930.0, 105787.0, 103930.0, 6959.0, 46739.0, 71578.0, 17499.0], [63419.0, 181084.0, 92019.0, 408539.0, 86287.0, 13919.0, 73385.0, 87350.0, 89499.0, 54359.0, 89499.0]]
PATTERN_ATTRIBUTES:[[{'label': 0}, {'label': 9}, {'label': 0}, {'label': 0}, {'label': 9}, {'label': 0}, {'label': 0}, {'label': 9}, {'label': 9}, {'label': 9}, {'label': 0}], [{'label': 0}, {'label': 9}, {'label': 0}, {'label': 0}, {'label': 9}, {'label': 0}, {'label': 9}, {'label': 0}, {'label': 9}, {'label': 9}, {'label': 9}], [{'label': 9}, {'label': 8}, {'label': 0}, {'label': 4}, {'label': 0}, {'label': 5}, {'label': 0}, {'label': 0}, {'label': 0}, {'label': 0}, {'label': 0}]]
PATTERN_DIRECTIONS:[False, False, True]
PATTERN_UNDIRECTED:False
