DATA:enron
TOTAL_TIME:7387
TIME_UNIT_PRIMARY:172800
TIME_UNIT_SECONDARY:43200
RANDOM_WALKS:5000
PROB_RESTART:0.1
MAX_PATTERN_EDGES:10
EVALUATION_RANDOM_WALKS:10
TEST_EVALUATION_POSITIVE:[0.38406403489156604, 0.244694366094827, 0.2523785692463467, 0.2175439169032664, 0.27365779585628214, 0.4178923171453514, 0.2488734270858466, 0.27141481427408154, 0.34948315062675983, 0.17177803828046817, 0.3412023492848197, 0.40993494551714615, 0.29914853920667994, 0.2504222698163303, 0.2484798316838035, 0.22142158941543522, 0.06544571820647328, 0.08748874205811129, 0.20877973041762807, 0.24308779521762136]
TEST_EVALUATION_NEGATIVE:[0.34107369765062, 0.30909655439387257, 0.4359977345145893, 0.4462238717191984, 0.5485698185296987, 0.4160840806382493, 0.055510387007333906, 0.3999310057747174, 0.2571988984590792, 0.11336334115808047, 0.3534368651593666, 0.35914684720595746, 0.041764040277788975, 0.10604910414270868, 0.32130314153741213, 0.02638661010281291, 0.3297683542676303, 0.4446355637067309, 0.0834303443306071, 0.008016978069109646]
PATTERN_EDGES:[(0, 2), (0, 3), (1, 3)]
PATTERN_SCORES:[47.58751684558447, 27.372674625234446, 22.126161755281597]
PATTERN_TIMESTAMPS:[[22139.0, 28158.0, 89499.0, 22139.0, 74252.0, 28158.0, 163251.0, 22139.0], [17579.0, 25403.0, 83705.0, 65406.0, 103930.0, 17579.0, 17579.0, 25403.0], [94686.0, 172477.0, 525659.0, 17579.0, 17579.0, 89098.0, 17579.0, 16912.0]]
PATTERN_ATTRIBUTES:[[{'label': 10}, {'label': 0}, {'label': 0}, {'label': 10}, {'label': 0}, {'label': 0}, {'label': 0}, {'label': 10}], [{'label': 1}, {'label': 16}, {'label': 9}, {'label': 0}, {'label': 9}, {'label': 1}, {'label': 1}, {'label': 16}], [{'label': 20}, {'label': 9}, {'label': 0}, {'label': 1}, {'label': 1}, {'label': 20}, {'label': 1}, {'label': 12}]]
PATTERN_DIRECTIONS:[False, False, False]
PATTERN_UNDIRECTED:False
