DATA:enron
TOTAL_TIME:1443
TIME_UNIT_PRIMARY:172800
TIME_UNIT_SECONDARY:43200
RANDOM_WALKS:1000
PROB_RESTART:0.1
MAX_PATTERN_EDGES:10
EVALUATION_RANDOM_WALKS:10
TEST_EVALUATION_POSITIVE:[0.5386536872981499, 0.2321032683063219, 0.4589516399570851, 0.29279789401831785, 0.537808220833633, 0.38141988874510646, 0.3752065539696928, 0.4712618369309696, 0.4303955541773294, 0.43675542001856577, 0.455924494317382, 0.26112260340220506, 0.23596435179825015, 0.5092393954269002, 0.2646912689996126, 0.45431565509125865, 0.3073370520780444, 0.48954880587156646, 0.39459231462108935, 0.16105508044333372]
TEST_EVALUATION_NEGATIVE:[0.09614469399706842, 0.41788688746901653, 0.4296874003570413, 1.267837589797028e-05, 0.06623441636303476, 0.03937042270529549, 0.48695148415653466, 0.06397330543076002, 0.32626587791561884, 0.028091010341097965, 0.004055544243623407, 0.17813167745181066, 0.05658365833632934, 0.5287401730182432, 0.17451127865820373, 4.5264932760713587e-08, 0.2347775268020938, 0.5564956890612922, 0.5055087160873823, 0.15122455595806614]
PATTERN_EDGES:[(1, 2), (0, 2), (1, 2), (1, 0), (1, 0)]
PATTERN_SCORES:[5.342024628356824, 3.9996862553574695, 4.599832387472068, 5.433013256826422, 2.0692512779510603]
PATTERN_TIMESTAMPS:[[97679.0, 76487.0, 107579.0, 101579.0, 114419.0, 50759.0, 24687.0], [65819.0, 31019.0, 19919.0, 24687.0, 457188.0, 20519.0, 19919.0], [75673.0, 206967.0, 196979.0, 114419.0, 73679.0, 96179.0, 14159.0], [204419.0, 4079.0, 24042.0, 96253.0, 5999.0, 24179.0, 20639.0], [320579.0, 366719.0, 6018.0, 490739.0, 366728.0, 366719.0, 204419.0]]
PATTERN_ATTRIBUTES:[[{'label': 9}, {'label': 5}, {'label': 9}, {'label': 0}, {'label': 0}, {'label': 0}, {'label': 0}], [{'label': 0}, {'label': 2}, {'label': 0}, {'label': 0}, {'label': 0}, {'label': 0}, {'label': 0}], [{'label': 9}, {'label': 20}, {'label': 0}, {'label': 0}, {'label': 0}, {'label': 0}, {'label': 0}], [{'label': 0}, {'label': 0}, {'label': 0}, {'label': 0}, {'label': 0}, {'label': 0}, {'label': 0}], [{'label': 0}, {'label': 0}, {'label': 10}, {'label': 0}, {'label': 0}, {'label': 0}, {'label': 0}]]
PATTERN_DIRECTIONS:[False, False, True, False, False]
PATTERN_UNDIRECTED:False
