DATA:enron
TOTAL_TIME:1609
TIME_UNIT_PRIMARY:172800
TIME_UNIT_SECONDARY:172800
RANDOM_WALKS:1000
PROB_RESTART:0.1
MAX_PATTERN_EDGES:10
EVALUATION_RANDOM_WALKS:10
TEST_EVALUATION_POSITIVE:[0.6759968726896391, 0.5288580169851594, 0.8047003646924858, 0.5974437957520856, 0.6869462347737614, 0.5882989591376858, 0.5876275295233356, 0.6521318707746329, 0.5215942982575543, 0.47809429398561065, 0.7075705692669063, 0.7785074799758797, 0.6746519760323234, 0.7532783925161001, 0.3805869780384367, 0.6856823397737859, 0.6389624683845031, 0.445853684649803, 0.3808681974564387, 0.4041047042089002]
TEST_EVALUATION_NEGATIVE:[0.21274002968047054, 0.06868152614423245, 0.4246916318638477, 0.41990360295474477, 0.6198973041405791, 0.5330298904955637, 0.09027811393539477, 0.6706477651102658, 0.36528993219040096, 0.3717708808602814, 0.6183318095107105, 0.5865483851427408, 0.660392036499191, 0.6049451425848344, 0.23885890374567073, 0.6479557935719489, 0.48599571079674214, 0.6358077534213818, 0.5569112784844531, 0.39041616280727914]
PATTERN_EDGES:[(0, 2), (1, 0), (0, 2), (0, 3), (0, 2), (1, 0), (0, 1)]
PATTERN_SCORES:[3.3583707615502796, 5.703641217546951, 2.212718751722745, 1.8856922052764027, 1.1682254729014416, 2.496124918503422, 3.1184785313519776]
PATTERN_TIMESTAMPS:[[20519.0], [156179.0], [20519.0], [595619.0], [4079.0], [603779.0], [62519.0]]
PATTERN_ATTRIBUTES:[[{'label': 0}], [{'label': 0}], [{'label': 0}], [{'label': 0}], [{'label': 0}], [{'label': 0}], [{'label': 0}]]
PATTERN_DIRECTIONS:[False, False, False, False, True, False, False]
PATTERN_UNDIRECTED:False
