DATA:enron
TOTAL_TIME:7608
TIME_UNIT_PRIMARY:172800
TIME_UNIT_SECONDARY:43200
RANDOM_WALKS:5000
PROB_RESTART:0.1
MAX_PATTERN_EDGES:10
EVALUATION_RANDOM_WALKS:10
TEST_EVALUATION_POSITIVE:[0.5504525997823189, 0.6223986778754771, 0.5696995654194892, 0.4973062545180234, 0.2512729506451639, 0.5374351784201405, 0.48914319569488157, 0.12975157870086507, 0.4488017097862829, 0.17447043948132246, 0.268436465051481, 0.01464209945680459, 0.42143594215887126, 0.3428328069963258, 0.20814204635846043, 0.49226326476685295, 0.20608147066285787, 0.4318886271564676, 0.34836510267576937, 0.4931966715749602]
TEST_EVALUATION_NEGATIVE:[0.12777974697175012, 0.1859829686536398, 0.026164719275309292, 0.4176557111332224, 0.2696307105053226, 0.006444876162663631, 0.08295330353600346, 0.020607519366697892, 0.027994664570886986, 0.25435257485100793, 0.10775768253205696, 0.6072488925848023, 0.02421016760142516, 0.2062026302862932, 0.35983113998266975, 0.00720649506230288, 0.08539541725509084, 0.23144179281111726, 0.2154836814062907, 0.17345411857005666]
PATTERN_EDGES:[(1, 0), (0, 2), (1, 0), (0, 2), (1, 0)]
PATTERN_SCORES:[12.651732212887502, 2.825489427794582, 22.39960315592414, 25.556654829914084, 7.742498843575821]
PATTERN_TIMESTAMPS:[[35999.0, 539.0, 5999.0, 77158.0, 13384.0, 6018.0, 7679.0, 6861.0], [497639.0, 366299.0, 381629.0, 378383.0, 428099.0, 439242.0, 415572.0, 283601.0], [539.0, 5639.0, 84694.0, 13384.0, 4079.0, 35999.0, 24042.0, 6861.0], [428099.0, 346919.0, 381629.0, 457188.0, 406799.0, 281378.0, 415572.0, 797039.0], [35999.0, 84694.0, 87719.0, 1079.0, 5999.0, 24042.0, 8155.0, 264862.0]]
PATTERN_ATTRIBUTES:[[{'label': 0}, {'label': 8}, {'label': 8}, {'label': 8}, {'label': 8}, {'label': 10}, {'label': 0}, {'label': 8}], [{'label': 9}, {'label': 9}, {'label': 9}, {'label': 5}, {'label': 0}, {'label': 9}, {'label': 9}, {'label': 0}], [{'label': 0}, {'label': 0}, {'label': 0}, {'label': 0}, {'label': 0}, {'label': 0}, {'label': 0}, {'label': 0}], [{'label': 24}, {'label': 0}, {'label': 0}, {'label': 0}, {'label': 0}, {'label': 0}, {'label': 0}, {'label': 0}], [{'label': 0}, {'label': 19}, {'label': 0}, {'label': 0}, {'label': 0}, {'label': 0}, {'label': 0}, {'label': 0}]]
PATTERN_DIRECTIONS:[False, False, False, False, False]
PATTERN_UNDIRECTED:False
