DATA:enron
TOTAL_TIME:1800
TIME_UNIT_PRIMARY:172800
TIME_UNIT_SECONDARY:43200
RANDOM_WALKS:1000
PROB_RESTART:0.1
MAX_PATTERN_EDGES:10
EVALUATION_RANDOM_WALKS:10
TEST_EVALUATION_POSITIVE:[3.329190180930843e-05, 0.5383163656884214, 0.30836372582592037, 0.2793133969800498, 0.289453983092986, 0.23765992504214659, 3.825642996406773e-17, 3.329190180930843e-05, 0.5866529590284508, 0.49140342026493666, 0.5182290319570542, 0.4976182008109531, 0.2812671698386559, 0.5454541650673896, 0.0027024094638176455, 0.17711589716176127, 0.3663368504074648, 0.2614051257936528, 0.5517975678500996, 0.4684650119636452]
TEST_EVALUATION_NEGATIVE:[9.875918460332394e-100, 0.35192707127649797, 0.26588684420151953, 0.473367573662002, 0.005640402220455052, 2.17401014812788e-78, 0.24702167516984203, 5.920485937155942e-13, 0.3532387605603432, 0.4913355301973842, 0.22911822487661596, 0.02932442509146425, 0.04508747606676108, 0.24782545226418254, 0.2753320880073318, 4.1511800729525057e-57, 0.4890550333815988, 0.4197228298636896, 0.006148218756550663, 0.4916269850184234]
PATTERN_EDGES:[(1, 0), (1, 0), (0, 3), (0, 2)]
PATTERN_SCORES:[9.01562315380917, 10.282095612453208, 2.2321780959169972, 1.228718459919549]
PATTERN_TIMESTAMPS:[[13384.0, 12738.0, 6861.0, 78539.0, 5999.0, 9048.0, 13384.0, 756.0, 1211.0], [8155.0, 28269.0, 13384.0, 168554.0, 13384.0, 9048.0, 5999.0, 13384.0, 24179.0], [6861.0, 3108.0, 13384.0, 13384.0, 25259.0, 9048.0, 168554.0, 5699.0, 13384.0], [13384.0, 25259.0, 9048.0, 2225.0, 22651.0, 5999.0, 110072.0, 13384.0, 8155.0]]
PATTERN_ATTRIBUTES:[[{'label': 0}, {'label': 0}, {'label': 0}, {'label': 0}, {'label': 0}, {'label': 0}, {'label': 0}, {'label': 4}, {'label': 0}], [{'label': 8}, {'label': 8}, {'label': 8}, {'label': 8}, {'label': 8}, {'label': 8}, {'label': 8}, {'label': 8}, {'label': 3}], [{'label': 0}, {'label': 0}, {'label': 0}, {'label': 0}, {'label': 0}, {'label': 0}, {'label': 0}, {'label': 0}, {'label': 0}], [{'label': 8}, {'label': 24}, {'label': 8}, {'label': 3}, {'label': 8}, {'label': 8}, {'label': 8}, {'label': 8}, {'label': 8}]]
PATTERN_DIRECTIONS:[False, False, True, True]
PATTERN_UNDIRECTED:False
