DATA:enron
TOTAL_TIME:2052
TIME_UNIT_PRIMARY:345600
TIME_UNIT_SECONDARY:172800
RANDOM_WALKS:1000
PROB_RESTART:0.1
MAX_PATTERN_EDGES:10
EVALUATION_RANDOM_WALKS:10
TEST_EVALUATION_POSITIVE:[0.6278832543390589, 0.34348806787959774, 0.5589128152363482, 0.714563502817475, 0.6339389675907017, 0.5574479761127941, 0.48975016729130944, 0.5718335402857154, 0.4702076143815474, 0.7228311829628448, 0.5952541131689335, 0.3123769254460007, 0.6386212872677716, 0.612500940750982, 0.6887213228906994, 0.6418409276257871, 0.5014074128219485, 0.33331959127598826, 0.5075343734726635, 0.26186141344734126]
TEST_EVALUATION_NEGATIVE:[0.4053218186702976, 0.5808974414255337, 0.47710765159481966, 0.06408761380583225, 0.38345723674964965, 0.050847593601508256, 0.619286822899087, 0.6261499224079243, 0.17067626261656837, 0.44803059299418374, 0.6727818665389134, 0.5676435224601911, 0.19367506958820985, 0.6878376049056375, 0.2740322980474304, 0.603910639546671, 0.3490049728834864, 0.7263706784930767, 0.5841787848438001, 0.6714603132865916]
PATTERN_EDGES:[(1, 2), (1, 2), (1, 2), (0, 3), (0, 3)]
PATTERN_SCORES:[7.398470617294071, 1.2317383301705978, 1.4857774070145073, 6.589508547141529, 3.117894480586123]
PATTERN_TIMESTAMPS:[[21847.0, 3239.0, 58011.0, 295426.0, 65406.0, 24179.0, 73385.0], [21847.0, 3239.0, 51480.0, 3239.0, 73385.0, 292397.0, 65406.0], [51480.0, 73385.0, 292397.0, 21847.0, 3239.0, 3239.0, 65406.0], [64730.0, 439739.0, 428522.0, 59235.0, 74252.0, 60959.0, 296900.0], [353024.0, 316120.0, 362519.0, 358859.0, 405632.0, 94919.0, 320536.0]]
PATTERN_ATTRIBUTES:[[{'label': 0}, {'label': 0}, {'label': 0}, {'label': 0}, {'label': 0}, {'label': 0}, {'label': 0}], [{'label': 9}, {'label': 0}, {'label': 0}, {'label': 0}, {'label': 0}, {'label': 9}, {'label': 0}], [{'label': 0}, {'label': 0}, {'label': 9}, {'label': 0}, {'label': 0}, {'label': 0}, {'label': 0}], [{'label': 9}, {'label': 0}, {'label': 21}, {'label': 9}, {'label': 0}, {'label': 9}, {'label': 0}], [{'label': 0}, {'label': 0}, {'label': 0}, {'label': 0}, {'label': 0}, {'label': 0}, {'label': 0}]]
PATTERN_DIRECTIONS:[True, True, True, False, True]
PATTERN_UNDIRECTED:False
