DATA:enron
TOTAL_TIME:1496
TIME_UNIT_PRIMARY:172800
TIME_UNIT_SECONDARY:43200
RANDOM_WALKS:1000
PROB_RESTART:0.1
MAX_PATTERN_EDGES:10
EVALUATION_RANDOM_WALKS:10
TEST_EVALUATION_POSITIVE:[0.35675225534869764, 0.6226289189251757, 0.7403444098249603, 0.22906840651042507, 0.19546956495783124, 3.7956234653141603e-06, 0.19546956495783124, 0.5859365398103983, 0.4000347034121899, 0.19885797428028149, 0.40650282894701484, 0.27264672708634186, 0.7083571263328995, 0.40783634679098596, 0.15822434682736367, 0.7519577470804671, 0.23598219969142864, 0.5695469305319604, 0.14124995669189513, 0.2597329977465572]
TEST_EVALUATION_NEGATIVE:[0.20247245777763706, 0.13068548971267982, 2.621275279374036e-10, 0.4849704864522365, 0.00011990232072114247, 0.7405516920759695, 0.4646840391309303, 0.6076997674976967, 0.046963035581011184, 0.1639327306504735, 0.08854399618449564, 0.12995381317648386, 0.00023884976215800225, 0.459332618030858, 0.38161951067663513, 0.46613218244985816, 1.0349441509209954e-08, 0.40807344594047745, 0.11898237448957458, 1.55087815504276e-05]
PATTERN_EDGES:[(0, 3), (1, 0), (1, 0), (4, 0)]
PATTERN_SCORES:[13.587155076194016, 13.63015933787766, 4.993819952671375, 3.088155383775027]
PATTERN_TIMESTAMPS:[[21239.0, 19919.0, 28158.0, 183476.0, 25403.0], [19499.0, 9048.0, 20639.0, 9048.0, 8155.0], [24179.0, 9048.0, 20224.0, 21419.0, 9048.0], [113666.0, 12959.0, 9048.0, 9048.0, 20639.0]]
PATTERN_ATTRIBUTES:[[{'label': 0}, {'label': 0}, {'label': 0}, {'label': 20}, {'label': 0}], [{'label': 0}, {'label': 0}, {'label': 0}, {'label': 0}, {'label': 0}], [{'label': 0}, {'label': 0}, {'label': 0}, {'label': 0}, {'label': 0}], [{'label': 8}, {'label': 0}, {'label': 8}, {'label': 8}, {'label': 0}]]
PATTERN_DIRECTIONS:[False, False, False, False]
PATTERN_UNDIRECTED:False
