DATA:enron
TOTAL_TIME:2878
TIME_UNIT_PRIMARY:172800
TIME_UNIT_SECONDARY:43200
RANDOM_WALKS:5000
PROB_RESTART:0.3
MAX_PATTERN_EDGES:10
EVALUATION_RANDOM_WALKS:10
TEST_EVALUATION_POSITIVE:[0.6091270990628886, 0.2766106959526849, 0.326500046282744, 0.6285011638526262, 0.6354949975591994, 0.22760170814202338, 0.32162482575732504, 0.32359559022372975, 0.11033176156757782, 0.6987570162607148, 0.5182150043313841, 0.22673889517713125, 0.16485235889824795, 0.23276263205483713, 0.5961271209302506, 0.31740657131688, 0.275227997581216, 0.614549729042372, 0.41024435845189705, 0.6107315319563331]
TEST_EVALUATION_NEGATIVE:[3.675818999955855e-05, 0.00034682695165605756, 0.642059909507745, 0.15553101666602884, 0.5885003325926667, 0.11158344435993278, 0.3632268761472696, 0.16401005422020104, 0.36808589986058354, 0.5472464988525169, 0.7010648713771414, 0.6624198524194325, 0.38932180149858736, 0.041407790747944734, 0.23438921738066057, 0.5307529489257663, 0.7253046280598275, 0.2358854110270454, 0.09209668858562277, 0.09917880848366901]
PATTERN_EDGES:[(0, 2), (0, 2)]
PATTERN_SCORES:[1.1432968573521083, 1.0209587792561552]
PATTERN_TIMESTAMPS:[[606659.0, 415562.0, 436259.0, 460659.0, 457188.0, 592311.0, 434099.0, 241559.0, 585245.0, 448472.0, 710159.0, 430019.0, 281378.0, 436259.0, 415572.0], [400259.0, 400259.0, 457188.0, 505699.0, 415572.0, 415562.0, 283601.0, 617469.0, 413579.0, 411659.0, 460659.0, 448472.0, 31019.0, 7439.0, 73379.0]]
PATTERN_ATTRIBUTES:[[{'label': 0}, {'label': 0}, {'label': 0}, {'label': 0}, {'label': 0}, {'label': 9}, {'label': 0}, {'label': 0}, {'label': 0}, {'label': 0}, {'label': 0}, {'label': 0}, {'label': 0}, {'label': 0}, {'label': 0}], [{'label': 0}, {'label': 0}, {'label': 0}, {'label': 9}, {'label': 0}, {'label': 0}, {'label': 0}, {'label': 0}, {'label': 0}, {'label': 0}, {'label': 3}, {'label': 0}, {'label': 0}, {'label': 0}, {'label': 0}]]
PATTERN_DIRECTIONS:[False, False]
PATTERN_UNDIRECTED:False
