DATA:enron
TOTAL_TIME:1673
TIME_UNIT_PRIMARY:172800
TIME_UNIT_SECONDARY:43200
RANDOM_WALKS:1000
PROB_RESTART:0.1
MAX_PATTERN_EDGES:10
EVALUATION_RANDOM_WALKS:10
TEST_EVALUATION_POSITIVE:[0.7274086334712045, 0.7403272709774729, 0.05842643756860232, 0.7275537801756866, 0.2669115640294123, 0.7086451284632199, 0.29018699381664204, 0.2901459558242236, 0.20798683306613966, 0.003418905590134014, 0.595917896623403, 0.7694275743174049, 0.36912339752086054, 0.6378223442916366, 4.118397194056301e-05, 1.3754483251538713e-16, 0.24452584945477687, 0.43304930098653555, 0.6843858491800037, 0.684816653079283]
TEST_EVALUATION_NEGATIVE:[7.23802919891481e-08, 0.00028797040870867457, 0.05645926202965439, 0.8373272801367233, 0.6094245845372026, 0.00023942773413638852, 0.01015889961932627, 1.1841916959040756e-99, 0.06920451080111295, 6.860006105599831e-16, 0.05926422003170085, 0.11242273850457735, 0.2997655889030902, 0.2151169902925492, 0.7773305042646753, 5.561388370938852e-57, 1.1841916959040756e-99, 0.6628722507774122, 0.5727592065359558, 0.6987366634846303]
PATTERN_EDGES:[(1, 0), (0, 3), (0, 1)]
PATTERN_SCORES:[10.745463480773683, 9.148127562743163, 2.512157157170999]
PATTERN_TIMESTAMPS:[[91499.0, 84694.0, 72659.0, 84694.0, 80799.0, 102299.0, 103799.0, 87367.0, 94919.0, 88537.0, 102299.0], [80799.0, 88537.0, 91499.0, 104399.0, 102419.0, 72659.0, 91499.0, 84694.0, 84694.0, 106308.0, 102419.0], [94919.0, 239426.0, 109499.0, 102299.0, 67919.0, 88537.0, 95924.0, 87367.0, 102299.0, 91499.0, 80799.0]]
PATTERN_ATTRIBUTES:[[{'label': 0}, {'label': 0}, {'label': 0}, {'label': 0}, {'label': 0}, {'label': 0}, {'label': 0}, {'label': 0}, {'label': 0}, {'label': 0}, {'label': 0}], [{'label': 0}, {'label': 0}, {'label': 0}, {'label': 0}, {'label': 0}, {'label': 0}, {'label': 0}, {'label': 0}, {'label': 0}, {'label': 0}, {'label': 0}], [{'label': 0}, {'label': 8}, {'label': 7}, {'label': 5}, {'label': 7}, {'label': 0}, {'label': 5}, {'label': 0}, {'label': 5}, {'label': 0}, {'label': 0}]]
PATTERN_DIRECTIONS:[False, True, True]
PATTERN_UNDIRECTED:False
