DATA:enron
TOTAL_TIME:7841
TIME_UNIT_PRIMARY:172800
TIME_UNIT_SECONDARY:43200
RANDOM_WALKS:5000
PROB_RESTART:0.1
MAX_PATTERN_EDGES:10
EVALUATION_RANDOM_WALKS:10
TEST_EVALUATION_POSITIVE:[0.3487159210127366, 0.4676319461460121, 0.4633564028875064, 0.4749001888620615, 0.2463086129952805, 0.06750890477849408, 0.3415210315537607, 0.18371956709567416, 0.4789383540657097, 0.6024315608909764, 0.554290299912984, 0.44516664610140594, 0.29684715167527015, 0.23671386552530602, 0.5426055298055481, 0.3584484893088278, 0.27190134569349195, 0.4319598130149292, 0.12455513600912789, 0.08104974756205488]
TEST_EVALUATION_NEGATIVE:[0.4112721195669716, 0.04111007091628952, 0.0014917062565795094, 9.191593419201746e-06, 0.00845272400347734, 0.4827626037326956, 0.23574325647608185, 0.20747717915452044, 0.05126042388897974, 0.21483126871509847, 0.023729852371063564, 0.34082164956535216, 0.1470165142840156, 0.0010349185431084368, 0.5438437061371707, 8.044213347548489e-15, 0.2959016621413463, 0.0002569812158238804, 0.28758603594729093, 0.09179828590231616]
PATTERN_EDGES:[(0, 2), (1, 3), (1, 0), (1, 0)]
PATTERN_SCORES:[68.57129914055855, 16.130371127133486, 38.98772869046594, 19.891703441481678]
PATTERN_TIMESTAMPS:[[359639.0, 21847.0, 84451.0, 82739.0, 74206.0, 28158.0, 344639.0, 7439.0, 103930.0, 84451.0, 95087.0, 65819.0], [260875.0, 89499.0, 181084.0, 39239.0, 450289.0, 265252.0, 167999.0, 100439.0, 360539.0, 364199.0, 85223.0, 32897.0], [84694.0, 72659.0, 35999.0, 13384.0, 74099.0, 96761.0, 84694.0, 9048.0, 539.0, 3108.0, 84824.0, 1079.0], [82120.0, 83459.0, 86479.0, 91739.0, 28269.0, 539.0, 77158.0, 9048.0, 74099.0, 35999.0, 103867.0, 77158.0]]
PATTERN_ATTRIBUTES:[[{'label': 0}, {'label': 9}, {'label': 9}, {'label': 9}, {'label': 9}, {'label': 9}, {'label': 0}, {'label': 0}, {'label': 9}, {'label': 9}, {'label': 9}, {'label': 0}], [{'label': 9}, {'label': 0}, {'label': 8}, {'label': 0}, {'label': 5}, {'label': 5}, {'label': 0}, {'label': 0}, {'label': 0}, {'label': 0}, {'label': 16}, {'label': 0}], [{'label': 0}, {'label': 0}, {'label': 0}, {'label': 0}, {'label': 0}, {'label': 0}, {'label': 0}, {'label': 0}, {'label': 0}, {'label': 0}, {'label': 0}, {'label': 0}], [{'label': 9}, {'label': 8}, {'label': 8}, {'label': 8}, {'label': 8}, {'label': 8}, {'label': 8}, {'label': 8}, {'label': 20}, {'label': 2}, {'label': 8}, {'label': 8}]]
PATTERN_DIRECTIONS:[False, True, False, False]
PATTERN_UNDIRECTED:False
