DATA:enron
TOTAL_TIME:1951
TIME_UNIT_PRIMARY:345600
TIME_UNIT_SECONDARY:172800
RANDOM_WALKS:1000
PROB_RESTART:0.1
MAX_PATTERN_EDGES:10
EVALUATION_RANDOM_WALKS:10
TEST_EVALUATION_POSITIVE:[0.09014501044888604, 0.7327557557383737, 3.458348541082509e-05, 0.713967298407671, 0.7910751469107719, 0.6117167093013633, 0.00010892490645192389, 0.0971788138856171, 0.30395052733134437, 7.467350530971068e-07, 0.05388662122215515, 0.30122265543714954, 0.12433723966767767, 0.8301740249356672, 0.3134580295366128, 0.4129365880119506, 0.6187144098720992, 0.0, 0.0971788138856171, 0.059869913335064084]
TEST_EVALUATION_NEGATIVE:[0.0958887318160394, 1.5012368245497743e-15, 0.4852980336908983, 0.09218088541295778, 0.0, 0.1281271581276646, 0.002006419253134063, 0.7395950045834575, 0.7641796582697833, 0.00025672710852903553, 0.0033680906018965354, 0.0019142928314560147, 0.003112639384088232, 0.0, 0.0, 0.00764362279271833, 0.8680676709291515, 0.7378094360050489, 0.24453271579920813, 0.6737544435352171]
PATTERN_EDGES:[(1, 2)]
PATTERN_SCORES:[10.94552111834229]
PATTERN_TIMESTAMPS:[[75673.0, 25403.0, 100079.0, 73259.0, 107579.0, 259340.0, 60959.0, 65406.0, 74920.0, 32897.0, 115562.0]]
PATTERN_ATTRIBUTES:[[{'label': 9}, {'label': 16}, {'label': 9}, {'label': 0}, {'label': 9}, {'label': 9}, {'label': 9}, {'label': 9}, {'label': 9}, {'label': 0}, {'label': 9}]]
PATTERN_DIRECTIONS:[True]
PATTERN_UNDIRECTED:False
