DATA:enron
TOTAL_TIME:1901
TIME_UNIT_PRIMARY:345600
TIME_UNIT_SECONDARY:172800
RANDOM_WALKS:1000
PROB_RESTART:0.1
MAX_PATTERN_EDGES:10
EVALUATION_RANDOM_WALKS:10
TEST_EVALUATION_POSITIVE:[0.7936611666515992, 0.6028768106920738, 0.5854380301744684, 0.7692651860232704, 0.5589994944128063, 0.530564661091114, 0.5345806038095803, 0.6387428725785759, 0.6845988453695813, 0.7512735519132369, 0.5577710510319601, 0.6439593142617106, 0.5994472512337002, 0.6879892222095235, 0.7061513407969975, 0.585425920894577, 0.5475385192945524, 0.608615007392365, 0.5306883355601659, 0.7355299438913766]
TEST_EVALUATION_NEGATIVE:[0.6494360901865663, 0.5457662947123425, 7.370012931050142e-12, 0.597016990672313, 0.2673159269873102, 0.6731394894753034, 0.421366549317058, 0.7440103787845959, 0.18343222438139303, 0.5454253422413301, 0.6815274857395105, 0.5876793124102855, 0.6197332863798648, 0.16020695595204412, 0.526126950007733, 0.03454048213590819, 0.2854973097969335, 0.5234320607410154, 0.5946536468210301, 0.3578164028214467]
PATTERN_EDGES:[(1, 2), (1, 3), (4, 2), (0, 2), (6, 7)]
PATTERN_SCORES:[3.5235385116626436, 1.6058950353526902, 2.7910056533446834, 0.42168999455482536, 0.9765509618329618]
PATTERN_TIMESTAMPS:[[992879.0, 69917.0, 17579.0], [372239.0, 584879.0, 586812.0], [17579.0, 69042.0, 17579.0], [60230.0, 17579.0, 17579.0], [340870.0, 341401.0, 341401.0]]
PATTERN_ATTRIBUTES:[[{'label': 9}, {'label': 0}, {'label': 0}], [{'label': 0}, {'label': 9}, {'label': 9}], [{'label': 0}, {'label': 0}, {'label': 0}], [{'label': 0}, {'label': 0}, {'label': 0}], [{'label': 0}, {'label': 4}, {'label': 4}]]
PATTERN_DIRECTIONS:[False, True, False, False, True]
PATTERN_UNDIRECTED:False
