DATA:enron
TOTAL_TIME:2972
TIME_UNIT_PRIMARY:172800
TIME_UNIT_SECONDARY:43200
RANDOM_WALKS:5000
PROB_RESTART:0.3
MAX_PATTERN_EDGES:10
EVALUATION_RANDOM_WALKS:10
TEST_EVALUATION_POSITIVE:[0.25333957075635644, 0.4320831891592126, 0.09933217559348924, 0.35671096719981055, 0.39198494990739113, 0.27677388660350344, 0.525255262199984, 0.21875003362794312, 0.33038328304708786, 0.3145207820077507, 0.306585801500454, 0.29619077846631275, 0.2810946665480426, 0.3932193456682719, 0.4508300910349505, 0.04788026344714537, 0.2112314381994596, 0.1447399414040343, 0.4159729139913091, 0.1595708756222864]
TEST_EVALUATION_NEGATIVE:[0.025066216731159024, 0.2595286735050786, 0.3156438825556265, 0.012102450293023828, 0.5069927593960867, 1.637144956612966e-08, 0.5473409006249453, 0.39803700197154107, 0.16052315616196355, 0.21038730274439238, 0.24671738632200452, 0.13177142949368287, 0.33198186477586294, 0.02681047044466955, 0.2402605538440198, 1.7046932001655596e-07, 0.0807714275040745, 0.12950042566630224, 9.075412836965849e-08, 4.574607164110981e-05]
PATTERN_EDGES:[(0, 2), (0, 3), (1, 4), (1, 4), (1, 4)]
PATTERN_SCORES:[32.741242005566555, 9.909603433419013, 3.5328625985052278, 10.90813924708705, 2.0403016398385403]
PATTERN_TIMESTAMPS:[[17579.0, 17579.0, 279959.0, 69274.0], [447479.0, 22139.0, 163251.0, 22139.0], [19679.0, 81798.0, 507599.0, 19679.0], [507599.0, 72899.0, 72899.0, 66284.0], [507599.0, 19679.0, 19679.0, 2766.0]]
PATTERN_ATTRIBUTES:[[{'label': 1}, {'label': 1}, {'label': 24}, {'label': 0}], [{'label': 0}, {'label': 10}, {'label': 0}, {'label': 10}], [{'label': 0}, {'label': 20}, {'label': 0}, {'label': 0}], [{'label': 0}, {'label': 9}, {'label': 9}, {'label': 9}], [{'label': 0}, {'label': 0}, {'label': 0}, {'label': 20}]]
PATTERN_DIRECTIONS:[False, False, True, True, True]
PATTERN_UNDIRECTED:False
