DATA:enron
TOTAL_TIME:1604
TIME_UNIT_PRIMARY:172800
TIME_UNIT_SECONDARY:43200
RANDOM_WALKS:1000
PROB_RESTART:0.1
MAX_PATTERN_EDGES:10
EVALUATION_RANDOM_WALKS:10
TEST_EVALUATION_POSITIVE:[0.006304859239297339, 0.6641995010820172, 0.34406225105854965, 0.34633206045004744, 0.5310693373760258, 0.5350885632144718, 0.42000365685331387, 0.48587131263406763, 0.34512470728984157, 0.6112260624088794, 2.078312841057046e-06, 0.48279593319566105, 0.5130723718102973, 0.5586782937394181, 0.4848157914817535, 0.7562500063810212, 0.28897375387795887, 0.23065683162248854, 0.164595790769499, 0.006313241211487999]
TEST_EVALUATION_NEGATIVE:[0.2990946803519148, 0.029218893752918806, 0.6918095170351918, 6.913629126213175e-05, 0.34129518731590086, 0.34115723281267263, 0.005991016854403005, 0.15125486253021253, 0.2859244497060532, 0.00419741404993888, 1.547943439042961e-13, 0.004140660184837699, 0.10748353450767405, 0.09219707460334929, 0.004184760072588331, 0.5452296874099153, 0.386336391894335, 0.7539300862089965, 0.498476433312737, 0.004205814915535177]
PATTERN_EDGES:[(1, 0), (0, 2), (0, 2)]
PATTERN_SCORES:[5.588291512734888, 1.203262236790998, 2.5937168280397853]
PATTERN_TIMESTAMPS:[[1211.0, 1079.0, 4085.0, 1079.0, 20224.0, 89639.0, 839.0, 74459.0, 93441.0, 21419.0, 8155.0, 9048.0], [168839.0, 183476.0, 28158.0, 74206.0, 21847.0, 21239.0, 6959.0, 114659.0, 101399.0, 89499.0, 185875.0, 6959.0], [7439.0, 98339.0, 1739.0, 117425.0, 69274.0, 19624.0, 6959.0, 101399.0, 89499.0, 21239.0, 381107.0, 28158.0]]
PATTERN_ATTRIBUTES:[[{'label': 0}, {'label': 0}, {'label': 0}, {'label': 0}, {'label': 0}, {'label': 0}, {'label': 0}, {'label': 0}, {'label': 0}, {'label': 0}, {'label': 0}, {'label': 0}], [{'label': 0}, {'label': 20}, {'label': 0}, {'label': 0}, {'label': 0}, {'label': 0}, {'label': 1}, {'label': 1}, {'label': 0}, {'label': 0}, {'label': 1}, {'label': 1}], [{'label': 0}, {'label': 0}, {'label': 0}, {'label': 0}, {'label': 0}, {'label': 0}, {'label': 0}, {'label': 0}, {'label': 0}, {'label': 7}, {'label': 5}, {'label': 0}]]
PATTERN_DIRECTIONS:[False, False, False]
PATTERN_UNDIRECTED:False
