DATA:enron
TOTAL_TIME:2007
TIME_UNIT_PRIMARY:345600
TIME_UNIT_SECONDARY:172800
RANDOM_WALKS:1000
PROB_RESTART:0.1
MAX_PATTERN_EDGES:10
EVALUATION_RANDOM_WALKS:10
TEST_EVALUATION_POSITIVE:[0.5596609117544378, 0.0005604203346471467, 0.15472206139897401, 0.32957689751667396, 0.6142335616007696, 0.5159401060578724, 0.7417482908861228, 0.6083034958284342, 0.7071964056418018, 0.4583699833124468, 0.49843105296388296, 0.6183186425099773, 0.6117195001110823, 0.7415595498751401, 0.17834982647882847, 0.5575028506170476, 0.5986671764483232, 0.06625579792257709, 0.19229866305022772, 0.5863773575730439]
TEST_EVALUATION_NEGATIVE:[3.1970441491643785e-52, 0.41424771239545355, 0.5448962100996675, 0.737046187352883, 0.5942349212548114, 0.001698436601887797, 0.1357257615525812, 0.5934640621446572, 0.6733884153617217, 0.3408738282813561, 1.4729519073741014e-58, 0.0, 7.524144047856532e-08, 0.8111499024709434, 0.1520343021257675, 0.24958714251230132, 0.03788381030876374, 0.4566243333051535, 0.26808263447557457, 0.47286852015396585]
PATTERN_EDGES:[(1, 2)]
PATTERN_SCORES:[2.781140875378819]
PATTERN_TIMESTAMPS:[[939719.0, 507599.0, 6494.0, 1739.0, 32897.0, 344399.0, 81798.0, 513179.0, 14159.0, 363179.0, 609897.0]]
PATTERN_ATTRIBUTES:[[{'label': 0}, {'label': 0}, {'label': 0}, {'label': 0}, {'label': 0}, {'label': 0}, {'label': 20}, {'label': 0}, {'label': 0}, {'label': 0}, {'label': 9}]]
PATTERN_DIRECTIONS:[True]
PATTERN_UNDIRECTED:False
