DATA:enron
TOTAL_TIME:1375
TIME_UNIT_PRIMARY:172800
TIME_UNIT_SECONDARY:43200
RANDOM_WALKS:1000
PROB_RESTART:0.1
MAX_PATTERN_EDGES:10
EVALUATION_RANDOM_WALKS:10
TEST_EVALUATION_POSITIVE:[0.2601748375211797, 0.4384694648976611, 0.38921094919414684, 0.3834601199053457, 0.2615704931082315, 0.4693914108025858, 0.220722082296597, 0.518344324217636, 0.30013849160732065, 0.3963116153538344, 0.23520586862694792, 0.39919239314316995, 0.44588632855475435, 0.5393246251005188, 0.10273568296910736, 0.43845228727783075, 0.07663627969400334, 0.05206535592164488, 0.1553336989225053, 0.5007229906414279]
TEST_EVALUATION_NEGATIVE:[0.07014391956492812, 0.3053737455849797, 0.015154497634862905, 0.009140127370764287, 0.25295918146443314, 0.2527074296351301, 0.13512629779016283, 0.010829056958711614, 0.10127686680849377, 0.3620242307142628, 0.02522273327375862, 0.20841067324689583, 0.04409517731863278, 0.3170748736031812, 0.4257544667312766, 0.43445577967214916, 0.34122708756761305, 0.1356832862937277, 0.3741799969994508, 0.21775296226499802]
PATTERN_EDGES:[(1, 2), (1, 3), (0, 2)]
PATTERN_SCORES:[8.874624318960093, 9.413189122645532, 4.429756646052389]
PATTERN_TIMESTAMPS:[[368177.0, 287968.0, 383159.0, 360897.0], [363179.0, 25403.0, 24687.0, 32897.0], [28158.0, 95087.0, 98339.0, 8420.0]]
PATTERN_ATTRIBUTES:[[{'label': 0}, {'label': 18}, {'label': 0}, {'label': 4}], [{'label': 0}, {'label': 0}, {'label': 0}, {'label': 0}], [{'label': 9}, {'label': 9}, {'label': 9}, {'label': 3}]]
PATTERN_DIRECTIONS:[False, True, False]
PATTERN_UNDIRECTED:False
