DATA:enron
TOTAL_TIME:2338
TIME_UNIT_PRIMARY:172800
TIME_UNIT_SECONDARY:172800
RANDOM_WALKS:1000
PROB_RESTART:0.1
MAX_PATTERN_EDGES:10
EVALUATION_RANDOM_WALKS:10
TEST_EVALUATION_POSITIVE:[0.6194703851566314, 0.7838164656069649, 0.05334756019060535, 0.7241258940608445, 0.7298446149252109, 0.7959237716740385, 0.5680925823234745, 0.22249644601560106, 0.6203644329171282, 0.46385649667801043, 0.7731552013786922, 0.818861115757901, 0.34659812051736305, 0.5896043018976221, 0.729177095218174, 0.5300858181713817, 0.6289981607617148, 0.6780081163723388, 0.5890352367811196, 0.613404323673791]
TEST_EVALUATION_NEGATIVE:[0.7496972390983794, 0.6887674967386063, 0.3886699880454713, 0.6189727853651021, 0.5503684634275026, 7.313098654888008e-05, 0.7631179726872657, 0.00021377781903553214, 0.4674017626563029, 0.37118837582634884, 0.17467499785246735, 0.7356413831707257, 0.7262548286267998, 0.6275297781572167, 0.024847271025179227, 0.34937492218790517, 0.49711947336172424, 6.26692327214814e-11, 0.6187574760610988, 0.5975464934222796]
PATTERN_EDGES:[(0, 2), (1, 0)]
PATTERN_SCORES:[8.613988511826305, 3.5911836400741164]
PATTERN_TIMESTAMPS:[[102935.0, 167353.0, 101399.0, 167039.0, 167353.0, 168839.0, 100730.0, 194081.0, 92099.0, 246179.0, 64730.0, 95087.0, 117425.0], [6861.0, 35999.0, 13384.0, 145739.0, 23519.0, 119.0, 148614.0, 145859.0, 77519.0, 22392.0, 162659.0, 146717.0, 159505.0]]
PATTERN_ATTRIBUTES:[[{'label': 9}, {'label': 9}, {'label': 1}, {'label': 9}, {'label': 9}, {'label': 0}, {'label': 9}, {'label': 9}, {'label': 9}, {'label': 0}, {'label': 9}, {'label': 9}, {'label': 9}], [{'label': 0}, {'label': 0}, {'label': 0}, {'label': 0}, {'label': 0}, {'label': 0}, {'label': 0}, {'label': 0}, {'label': 0}, {'label': 0}, {'label': 0}, {'label': 0}, {'label': 0}]]
PATTERN_DIRECTIONS:[False, False]
PATTERN_UNDIRECTED:False
