DATA:telco
TOTAL_TIME:94
TIME_UNIT_PRIMARY:864000
TIME_UNIT_SECONDARY:172800
RANDOM_WALKS:1000
PROB_RESTART:0.1
MAX_PATTERN_EDGES:10
EVALUATION_RANDOM_WALKS:10
TEST_EVALUATION_POSITIVE:[0.26313913154260871, 0.10866287246461974, 0.25307669330309185, 0.25718821131493513, 0.25267132781159041, 0.2645411315650536, 0.26588922767736523, 0.25015885857400488, 0.26500015759548712, 0.24220170214842499]
TEST_EVALUATION_NEGATIVE:[0.26167810984760514, 0.25120040827852386, 0.25432124949464713, 0.26141079699859721, 0.26349558573004483, 0.25883718664813832, 0.264531130780708, 7.8178974794589896e-10, 0.26080720942885316, 0.2649878136165873]
PATTERN_EDGES:[(1, 0), (0, 2), (0, 4), (5, 0), (0, 5)]
PATTERN_SCORES:[5.910145295504396, 1.4101640953844146, 3.5750338300011144, 0.77203440957687564, 0.64361183388604937]
PATTERN_TIMESTAMPS:[[126450.0, 105010.0, 55492.0, 120980.0, 48180.0, 118139.0, 25794.0, 119954.0, 105592.0], [282030.0, 302557.0, 286933.0, 284885.0, 365626.0, 269978.0, 307352.0, 364598.0, 301732.0], [185311.0, 198318.0, 123341.0, 112890.0, 54037.0, 46217.0, 275784.0, 537212.0, 31967.0], [538062.0, 196642.0, 541057.0, 209083.0, 479928.0, 559826.0, 554342.0, 302055.0, 546522.0], [569507.0, 480171.0, 477356.0, 545591.0, 560532.0, 540273.0, 739223.0, 469447.0, 538704.0]]
PATTERN_ATTRIBUTES:[[{'duration': 0.5072130132670493}, {'duration': 0.6515957837794327}, {'duration': 0.6467564867391957}, {'duration': 0.5507160868697769}, {'duration': 0.5639784906179447}, {'duration': 0.5632817801183846}, {'duration': 0.5853905307479761}, {'duration': 0.6822944293925547}, {'duration': 0.49627386404719526}], [{'duration': 0.42301521946469534}, {'duration': 0.46387862119398904}, {'duration': 0.4012631110299349}, {'duration': 0.4347234026234807}, {'duration': 0.5356535994025226}, {'duration': 0.5083645775688196}, {'duration': 0.3918666746108473}, {'duration': 0.3383224361549503}, {'duration': 0.40422661893811296}], [{'duration': 0.7815000944228702}, {'duration': 0.6813323025107364}, {'duration': 0.4827052066673338}, {'duration': 0.3851297658957826}, {'duration': 0.3816016930442095}, {'duration': 0.3982184011008463}, {'duration': 0.5611650502014066}, {'duration': 0.5223406957849688}, {'duration': 0.621298208323101}], [{'duration': 0.4767771366594854}, {'duration': 0.3272006657589564}, {'duration': 0.42784750081878653}, {'duration': 0.7891734630466307}, {'duration': 0.24416649474253327}, {'duration': 0.45862764622336605}, {'duration': 0.5483432217527752}, {'duration': 0.3272006657589564}, {'duration': 0.2761351537295797}], [{'duration': 0.43692396880295736}, {'duration': 0.4099265842596317}, {'duration': 0.5272803961524233}, {'duration': 0.3620558496509835}, {'duration': 0.5291963912143602}, {'duration': 0.46889262779000385}, {'duration': 0.4012631110299349}, {'duration': 0.5171711608771123}, {'duration': 0.3702910951419967}]]
PATTERN_DIRECTIONS:[False, True, True, False, True]
PATTERN_UNDIRECTED:False
