DATA:telco
TOTAL_TIME:77
TIME_UNIT_PRIMARY:864000
TIME_UNIT_SECONDARY:86400
RANDOM_WALKS:1000
PROB_RESTART:0.1
MAX_PATTERN_EDGES:10
EVALUATION_RANDOM_WALKS:10
TEST_EVALUATION_POSITIVE:[0.24371767159361468, 0.27210750315544269, 0.23733674439935834, 0.26117822468868623, 0.24871073637203248, 0.26459850757853115, 0.24804178947874592, 0.25764635232076355, 0.2517606386997065, 0.23649194245926186]
TEST_EVALUATION_NEGATIVE:[0.26162610399197972, 0.23060432880166618, 0.25646530168253545, 0.19553116019326156, 0.23807610842155638, 0.25667946526544821, 0.18063098022811569, 0.18995311775345625, 0.25886367916451758, 0.26378892037990842]
PATTERN_EDGES:[(0, 1), (0, 2), (0, 2), (0, 3), (0, 1)]
PATTERN_SCORES:[14.478454160996247, 10.160038261224205, 7.7633199772716956, 2.5565735702399537, 3.7116450978791495]
PATTERN_TIMESTAMPS:[[24848.0, 41017.0, 14179.0, 35621.0, 46218.0, 48115.0, 44553.0, 27765.0, 20383.0], [20013.0, 115460.0, 25588.0, 50883.0, 36009.0, 57270.0, 24868.0, 12024.0, 109264.0], [217498.0, 181838.0, 219387.0, 191273.0, 227149.0, 204398.0, 206843.0, 203396.0, 237604.0], [885372.0, 892254.0, 902537.0, 918411.0, 973635.0, 972139.0, 902237.0, 832531.0, 881667.0], [96642.0, 121183.0, 55249.0, 28638.0, 36887.0, 25805.0, 27058.0, 190937.0, 97595.0]]
PATTERN_ATTRIBUTES:[[{'duration': 0.6815736163095206}, {'duration': 0.3081038127166261}, {'duration': 0.6528514464126295}, {'duration': 0.5597311598464904}, {'duration': 0.29326514196284015}, {'duration': 0.4568206964809943}, {'duration': 0.6166408616961138}, {'duration': 0.6204658077217966}, {'duration': 0.5632817801183846}], [{'duration': 0.35316110690873626}, {'duration': 0.4936894461538529}, {'duration': 0.3620558496509835}, {'duration': 0.6389010694429867}, {'duration': 0.5653589426642229}, {'duration': 0.3816016930442095}, {'duration': 0.3434919710628067}, {'duration': 0.43692396880295736}, {'duration': 0.441198532747118}], [{'duration': 0.21623918878368364}, {'duration': 0.37795792527258526}, {'duration': 0.5117493558026373}, {'duration': 0.4975438774211198}, {'duration': 0.45498387845174176}, {'duration': 0.2761351537295797}, {'duration': 0.33290063108047513}, {'duration': 0.3148407214316908}, {'duration': 0.29326514196284015}], [{'duration': 0.5653589426642229}, {'duration': 0.26646601788365015}, {'duration': 0.43908180283014003}, {'duration': 0.4975438774211198}, {'duration': 0.3816016930442095}, {'duration': 0.4099265842596317}, {'duration': 0.5483432217527752}, {'duration': 0.40422661893811296}, {'duration': 0.29326514196284015}], [{'duration': 0.6108726028393074}, {'duration': 0.6008717504465483}, {'duration': 0.24416649474253327}, {'duration': 0.32119244792168977}, {'duration': 0.2761351537295797}, {'duration': 0.43692396880295736}, {'duration': 0.608105863394531}, {'duration': 0.46387862119398904}, {'duration': 0.6464262488715764}]]
PATTERN_DIRECTIONS:[True, True, True, True, True]
PATTERN_UNDIRECTED:False
