DATA:telco
TOTAL_TIME:65
TIME_UNIT_PRIMARY:864000
TIME_UNIT_SECONDARY:86400
RANDOM_WALKS:1000
PROB_RESTART:0.1
MAX_PATTERN_EDGES:10
EVALUATION_RANDOM_WALKS:10
TEST_EVALUATION_POSITIVE:[0.24044483608332565, 0.27135988535417199, 0.26678058797343529, 0.2604262986846782, 0.27302879050927981, 0.27933448830099611, 0.25901892546194333, 0.26256021418141851, 0.27300963664613315, 0.26445576983719149]
TEST_EVALUATION_NEGATIVE:[0.17209404953603638, 0.25631496032970802, 0.21362874600731285, 0.28496204590398838, 0.25540448618418649, 1.2308141087730911e-17, 0.28294809312053842, 0.15941497245038827, 0.26068101068155236, 0.25422221793359662]
PATTERN_EDGES:[(0, 1), (0, 2), (0, 3), (0, 4)]
PATTERN_SCORES:[11.467163673532312, 8.2314184789316922, 4.7980818077648708, 2.7389734184911001]
PATTERN_TIMESTAMPS:[[46884.0, 31764.0, 34226.0, 40030.0, 29038.0, 36324.0, 51568.0, 32927.0, 48176.0], [118685.0, 129620.0, 57501.0, 40619.0, 124026.0, 57015.0, 27046.0, 123255.0, 124296.0], [32379.0, 53150.0, 38485.0, 132869.0, 117096.0, 27849.0, 25104.0, 36544.0, 31037.0], [116026.0, 137715.0, 216845.0, 99565.0, 137514.0, 95951.0, 141723.0, 123515.0, 127920.0]]
PATTERN_ATTRIBUTES:[[{'duration': 0.5072130132670493}, {'duration': 0.5139499219821139}, {'duration': 0.3576974494443242}, {'duration': 0.43908180283014003}, {'duration': 0.5310799102153745}, {'duration': 0.24416649474253327}, {'duration': 0.5365461741664863}, {'duration': 0.4721138666850023}, {'duration': 0.37795792527258526}], [{'duration': 0.42301521946469534}, {'duration': 0.45311618808983584}, {'duration': 0.1788487247221621}, {'duration': 0.3702910951419967}, {'duration': 0.2761351537295797}, {'duration': 0.4827052066673338}, {'duration': 0.7178566284331536}, {'duration': 0.12208324737126663}, {'duration': 0.12208324737126663}], [{'duration': 0.40422661893811296}, {'duration': 0.6062223443935167}, {'duration': 0.41267054986260876}, {'duration': 0.5139499219821139}, {'duration': 0.7578740503021347}, {'duration': 0.47828906420909145}, {'duration': 0.48969650304176526}, {'duration': 0.46040568352621686}, {'duration': 0.3272006657589564}], [{'duration': 0.441198532747118}, {'duration': 0.46387862119398904}, {'duration': 0.5745698306002762}, {'duration': 0.3081038127166261}, {'duration': 0.4936894461538529}, {'duration': 0.40422661893811296}, {'duration': 0.4099265842596317}, {'duration': 0.5095043307465239}, {'duration': 0.4736901336906204}]]
PATTERN_DIRECTIONS:[True, True, True, True]
PATTERN_UNDIRECTED:False
