DATA:telco
TOTAL_TIME:62
TIME_UNIT_PRIMARY:864000
TIME_UNIT_SECONDARY:86400
RANDOM_WALKS:1000
PROB_RESTART:0.1
MAX_PATTERN_EDGES:10
EVALUATION_RANDOM_WALKS:10
TEST_EVALUATION_POSITIVE:[0.24475321914336731, 0.23051128237366458, 0.22785425183680372, 0.2493441257650304, 0.23067216609604305, 0.23826534287406972, 0.22428803045808499, 0.24061478627535635, 0.22321763693651461, 0.24711791180108289]
TEST_EVALUATION_NEGATIVE:[0.23210182728802087, 0.23500147619697345, 0.23156673877377032, 0.23690208476026939, 0.20398207567245982, 0.21537114612259578, 0.23371269823880234, 0.24371613168518183, 0.21239953268159051, 0.2449665243240268]
PATTERN_EDGES:[(0, 1), (0, 2), (0, 3), (0, 4), (0, 1), (5, 0), (0, 2), (0, 1)]
PATTERN_SCORES:[1.1325732713030823, 1.9187017309708707, 0.67578612578767605, 1.3925407795158491, 0.89284177216496441, 3.7152552797263168, 2.7765197938839505, 4.285145608843826]
PATTERN_TIMESTAMPS:[[295105.0, 365626.0, 370994.0, 362827.0, 302818.0, 207838.0], [710551.0, 633190.0, 735637.0, 444793.0, 657122.0, 644204.0], [122086.0, 105010.0, 132665.0, 123999.0, 102573.0, 201447.0], [103787.0, 106648.0, 133516.0, 52839.0, 181900.0, 123711.0], [1061335.0, 1077611.0, 1064151.0, 1041253.0, 1075768.0, 1082904.0], [1089877.0, 1061826.0, 1071341.0, 1077240.0, 880009.0, 960724.0], [990930.0, 1077858.0, 996604.0, 1069997.0, 1061387.0, 979523.0], [1051826.0, 1086951.0, 995322.0, 1069633.0, 1079836.0, 1076531.0]]
PATTERN_ATTRIBUTES:[[{'duration': 0.5870958065745516}, {'duration': 0.5356535994025226}, {'duration': 0.3982184011008463}, {'duration': 0.37795792527258526}, {'duration': 0.5499307481900532}, {'duration': 0.5128550859273622}], [{'duration': 0.47978069681559077}, {'duration': 0.46040568352621686}, {'duration': 0.5870958065745516}, {'duration': 0.24416649474253327}, {'duration': 0.4347234026234807}, {'duration': 0.45862764622336605}], [{'duration': 0.608571796826277}, {'duration': 0.6515957837794327}, {'duration': 0.48555472076075784}, {'duration': 0.4012631110299349}, {'duration': 0.7614551859961978}, {'duration': 0.4923743425132633}], [{'duration': 0.600372311580358}, {'duration': 0.4655752184340733}, {'duration': 0.43692396880295736}, {'duration': 0.4324783775673673}, {'duration': 0.3272006657589564}, {'duration': 0.5150340765392201}], [{'duration': 0.4736901336906204}, {'duration': 0.4736901336906204}, {'duration': 0.5801118357520969}, {'duration': 0.45862764622336605}, {'duration': 0.3662497421137999}, {'duration': 0.45498387845174176}], [{'duration': 0.3982184011008463}, {'duration': 0.26646601788365015}, {'duration': 0.3576974494443242}, {'duration': 0.3662497421137999}, {'duration': 0.7922429097388762}, {'duration': 0.21623918878368364}], [{'duration': 0.19910920055042314}, {'duration': 0.3702910951419967}, {'duration': 0.46889262779000385}, {'duration': 0.6052684762133982}, {'duration': 0.4012631110299349}, {'duration': 0.3741906166759286}], [{'duration': 0.3918666746108473}, {'duration': 0.5625806739399144}, {'duration': 0.43908180283014003}, {'duration': 0.44731704832115327}, {'duration': 0.3950879135058457}, {'duration': 0.3620558496509835}]]
PATTERN_DIRECTIONS:[True, True, True, True, True, False, True, True]
PATTERN_UNDIRECTED:False
