DATA:telco
TOTAL_TIME:115
TIME_UNIT_PRIMARY:864000
TIME_UNIT_SECONDARY:86400
RANDOM_WALKS:5000
PROB_RESTART:0.3
MAX_PATTERN_EDGES:10
EVALUATION_RANDOM_WALKS:10
TEST_EVALUATION_POSITIVE:[0.27021517961644803, 0.2664970946473319, 0.25090427372396812, 0.26141527243994406, 0.23479543114742155, 0.24717533760867921, 0.1487851466714076, 0.26583165043819124, 0.24978815469562823, 0.14801300493394284]
TEST_EVALUATION_NEGATIVE:[0.24146541154428849, 0.27200520943794537, 0.18809809479425821, 0.26571228471012825, 0.28542886919864058, 0.24965784557673468, 0.23065646089658878, 0.20330415511727912, 0.24817199783633789, 0.24211445243959265]
PATTERN_EDGES:[(0, 2), (0, 4), (0, 5), (0, 5)]
PATTERN_SCORES:[7.5362461247462731, 6.2313330679978369, 4.4903355763529227, 7.7896780742277976]
PATTERN_TIMESTAMPS:[[290142.0, 290279.0, 211900.0, 188124.0, 221088.0, 238679.0, 188054.0, 187912.0, 205631.0], [205168.0, 142789.0, 232045.0, 206929.0, 280218.0, 214053.0, 220108.0, 214389.0, 191753.0], [205052.0, 217638.0, 189615.0, 222841.0, 189128.0, 214326.0, 209902.0, 211767.0, 185651.0], [899048.0, 739679.0, 894409.0, 911614.0, 885611.0, 902451.0, 888999.0, 985870.0, 904116.0]]
PATTERN_ATTRIBUTES:[[{'duration': 0.4453147426058123}, {'duration': 0.49498916811254756}, {'duration': 0.504873453997943}, {'duration': 0.2761351537295797}, {'duration': 0.5962938736325207}, {'duration': 0.3434919710628067}, {'duration': 0.6403077332975411}, {'duration': 0.3950879135058457}, {'duration': 0.5223406957849688}], [{'duration': 0.33290063108047513}, {'duration': 0.3383224361549503}, {'duration': 0.2558746779013186}, {'duration': 0.5483432217527752}, {'duration': 0.4205179242419632}, {'duration': 0.5024835777885743}, {'duration': 0.12208324737126663}, {'duration': 0.4721138666850023}, {'duration': 0.29326514196284015}], [{'duration': 0.49627386404719526}, {'duration': 0.2761351537295797}, {'duration': 0.07702595317915653}, {'duration': 0.5106325126261834}, {'duration': 0.3741906166759286}, {'duration': 0.37795792527258526}, {'duration': 0.3576974494443242}, {'duration': 0.45311618808983584}, {'duration': 0.6727993342410435}], [{'duration': 0.5036849404154762}, {'duration': 0.3081038127166261}, {'duration': 0.49104348875420495}, {'duration': 0.5243430015003098}, {'duration': 0.3620558496509835}, {'duration': 0.5036849404154762}, {'duration': 0.3576974494443242}, {'duration': 0.48833298948506654}, {'duration': 0.559007216174224}]]
PATTERN_DIRECTIONS:[True, True, True, True]
PATTERN_UNDIRECTED:False
