DATA:telco
TOTAL_TIME:187
TIME_UNIT_PRIMARY:864000
TIME_UNIT_SECONDARY:86400
RANDOM_WALKS:5000
PROB_RESTART:0.1
MAX_PATTERN_EDGES:10
EVALUATION_RANDOM_WALKS:10
TEST_EVALUATION_POSITIVE:[0.26290701648950243, 0.27014395713964195, 0.27840135769951124, 0.24274777291217836, 0.24534952111136285, 0.058840775702372825, 0.25384900390441006, 0.24258688417378926, 0.22542727947618285, 0.27139335227873812]
TEST_EVALUATION_NEGATIVE:[0.2756415415497151, 0.23582143113710977, 0.2526100492969508, 0.10436096561469074, 0.24808722365551555, 5.2755045639731763e-11, 0.20611036542063976, 0.27851563278032004, 0.16164649559233718, 3.3332984501384272e-06]
PATTERN_EDGES:[(0, 1), (0, 2), (0, 2)]
PATTERN_SCORES:[55.431326845007419, 29.853583996048208, 3.8466124101894907]
PATTERN_TIMESTAMPS:[[190187.0, 10714.0, 64593.0, 35394.0, 17834.0, 39392.0, 42344.0, 13699.0, 37655.0, 29391.0], [804851.0, 821412.0, 876045.0, 730604.0, 832241.0, 881374.0, 877106.0, 821128.0, 795256.0, 797720.0], [729477.0, 743641.0, 623612.0, 845255.0, 798990.0, 827771.0, 826762.0, 812658.0, 816855.0, 900229.0]]
PATTERN_ATTRIBUTES:[[{'duration': 0.600372311580358}, {'duration': 0.3741906166759286}, {'duration': 0.26646601788365015}, {'duration': 0.3816016930442095}, {'duration': 0.46387862119398904}, {'duration': 0.3982184011008463}, {'duration': 0.5272803961524233}, {'duration': 0.3918666746108473}, {'duration': 0.4099265842596317}, {'duration': 0.3009319720934287}], [{'duration': 0.15405190635831306}, {'duration': 0.3148407214316908}, {'duration': 0.33290063108047513}, {'duration': 0.45862764622336605}, {'duration': 0.23107785953746957}, {'duration': 0.5024835777885743}, {'duration': 0.40422661893811296}, {'duration': 0.24416649474253327}, {'duration': 0.37795792527258526}, {'duration': 0.3576974494443242}], [{'duration': 0.6890313381076194}, {'duration': 0.5575450245430382}, {'duration': 0.5223406957849688}, {'duration': 0.5083645775688196}, {'duration': 0.32119244792168977}, {'duration': 0.49498916811254756}, {'duration': 0.6440866896024702}, {'duration': 0.8763404856231153}, {'duration': 0.5060493904811185}, {'duration': 0.1788487247221621}]]
PATTERN_DIRECTIONS:[True, True, True]
PATTERN_UNDIRECTED:False
