DATA:telco
TOTAL_TIME:67
TIME_UNIT_PRIMARY:1728000
TIME_UNIT_SECONDARY:172800
RANDOM_WALKS:1000
PROB_RESTART:0.1
MAX_PATTERN_EDGES:10
EVALUATION_RANDOM_WALKS:10
TEST_EVALUATION_POSITIVE:[0.26186494464065818, 0.26482534337099145, 0.24644841350923161, 0.24579639139104525, 0.24105494187597276, 0.26312334465579512, 0.26277036208488425, 0.27227966469581394, 0.25957733427832758, 0.26343463067471617]
TEST_EVALUATION_NEGATIVE:[0.002392559156534425, 0.20344780263469445, 0.26958196572131654, 0.26294263426524878, 0.24392971407989256, 0.22426024506461634, 0.12926183493681062, 0.24617709476831232, 0.25921330543318866, 0.26432597663020996]
PATTERN_EDGES:[(0, 1), (0, 2), (0, 3), (0, 4), (0, 5)]
PATTERN_SCORES:[6.4059149245124871, 3.7842341067619065, 0.78629099798128976, 3.0687719563979083, 3.661427581750198]
PATTERN_TIMESTAMPS:[[31435.0, 30753.0, 27440.0, 106998.0, 42280.0, 31120.0, 10684.0, 26081.0, 104880.0], [195582.0, 107490.0, 116859.0, 40761.0, 111604.0, 121459.0, 140140.0, 57852.0, 128663.0], [40415.0, 31268.0, 27428.0, 120733.0, 134459.0, 50427.0, 208812.0, 45806.0, 201063.0], [14615.0, 191324.0, 116725.0, 220949.0, 40839.0, 133598.0, 134902.0, 144663.0, 6831.0], [1226658.0, 1156400.0, 1243625.0, 1138162.0, 1389508.0, 1089419.0, 1160597.0, 1258481.0, 1153786.0]]
PATTERN_ATTRIBUTES:[[{'duration': 0.4453147426058123}, {'duration': 0.575825493233473}, {'duration': 0.1788487247221621}, {'duration': 0.5687368611208434}, {'duration': 0.49498916811254756}, {'duration': 0.28502989647182697}, {'duration': 0.5673979899770788}, {'duration': 0.12208324737126663}, {'duration': 0.7371272500185881}], [{'duration': 0.631964912811998}, {'duration': 0.21623918878368364}, {'duration': 0.4568206964809943}, {'duration': 0.5739366382280079}, {'duration': 0.4812525721172695}, {'duration': 0.4975438774211198}, {'duration': 0.3272006657589564}, {'duration': 0.504873453997943}, {'duration': 0.5673979899770788}], [{'duration': 0.3576974494443242}, {'duration': 0.5374316367053734}, {'duration': 0.3576974494443242}, {'duration': 0.45862764622336605}, {'duration': 0.598860384030752}, {'duration': 0.4975438774211198}, {'duration': 0.40711314384309355}, {'duration': 0.5400464623046577}, {'duration': 0.2558746779013186}], [{'duration': 0.47828906420909145}, {'duration': 0.5998706179035177}, {'duration': 0.6917038106495242}, {'duration': 0.40711314384309355}, {'duration': 0.5000411726438518}, {'duration': 0.49627386404719526}, {'duration': 0.43018706008789276}, {'duration': 0.4869525374387882}, {'duration': 0.7347627999529457}], [{'duration': 0.6071680944481489}, {'duration': 0.47978069681559077}, {'duration': 0.6225352336462882}, {'duration': 0.28502989647182697}, {'duration': 0.3741906166759286}, {'duration': 0.5409045743731455}, {'duration': 0.42784750081878653}, {'duration': 0.5876584658053399}, {'duration': 0.43018706008789276}]]
PATTERN_DIRECTIONS:[True, True, True, True, True]
PATTERN_UNDIRECTED:False
