DATA:telco
TOTAL_TIME:252
TIME_UNIT_PRIMARY:864000
TIME_UNIT_SECONDARY:86400
RANDOM_WALKS:5000
PROB_RESTART:0.1
MAX_PATTERN_EDGES:10
EVALUATION_RANDOM_WALKS:10
TEST_EVALUATION_POSITIVE:[0.24314570189309753, 0.0, 0.25626288559086324, 0.25832933688720811, 0.25944519469992672, 0.26673679895081004, 0.26713113324805376, 0.26714601899859053, 0.25540150193927269, 0.23688804407951658]
TEST_EVALUATION_NEGATIVE:[1.141130470137047e-07, 0.25067953595527742, 0.26433706058652978, 0.086256144773881507, 0.24529641266232774, 0.26185206871289518, 0.24034942318518496, 0.24663321934172755, 0.27084539569248073, 0.23496618314214165]
PATTERN_EDGES:[(0, 1), (0, 2), (0, 3), (0, 4), (4, 0), (0, 5)]
PATTERN_SCORES:[17.711552301624057, 12.893799533198337, 8.140967481500379, 4.973980173540574, 2.7929852652380776, 5.5071308410381441]
PATTERN_TIMESTAMPS:[[110370.0, 123323.0, 109661.0, 108300.0, 108927.0, 133756.0, 107673.0, 114557.0, 135961.0], [59516.0, 28227.0, 41285.0, 27030.0, 55430.0, 49427.0, 25180.0, 42613.0, 38783.0], [34379.0, 15963.0, 47560.0, 51185.0, 21454.0, 42542.0, 26414.0, 28534.0, 36203.0], [111102.0, 31079.0, 94776.0, 111144.0, 34479.0, 39341.0, 47855.0, 49813.0, 19127.0], [178611.0, 561126.0, 119766.0, 122286.0, 32275.0, 183909.0, 158172.0, 107874.0, 133649.0], [801797.0, 739381.0, 712633.0, 710483.0, 741331.0, 813773.0, 715242.0, 740754.0, 801791.0]]
PATTERN_ATTRIBUTES:[[{'duration': 0.5920600297183766}, {'duration': 0.40711314384309355}, {'duration': 0.5036849404154762}, {'duration': 0.48833298948506654}, {'duration': 0.5213258489081687}, {'duration': 0.6970732106484366}, {'duration': 0.5568066499947473}, {'duration': 0.23107785953746957}, {'duration': 0.5272803961524233}], [{'duration': 0.37795792527258526}, {'duration': 0.35316110690873626}, {'duration': 0.5338466496601509}, {'duration': 0.6674557586387688}, {'duration': 0.47978069681559077}, {'duration': 0.4012631110299349}, {'duration': 0.43908180283014003}, {'duration': 0.3816016930442095}, {'duration': 0.3620558496509835}], [{'duration': 0.37795792527258526}, {'duration': 0.4453147426058123}, {'duration': 0.7152169565597197}, {'duration': 0.5848162402673687}, {'duration': 0.4869525374387882}, {'duration': 0.6363957307212339}, {'duration': 0.5673979899770788}, {'duration': 0.26646601788365015}, {'duration': 0.6586294215377528}], [{'duration': 0.4923743425132633}, {'duration': 0.49498916811254756}, {'duration': 0.7088023588031659}, {'duration': 0.41534838933410684}, {'duration': 0.4812525721172695}, {'duration': 0.21623918878368364}, {'duration': 0.6571377889312535}, {'duration': 0.45311618808983584}, {'duration': 0.40711314384309355}], [{'duration': 0.8321363223673517}, {'duration': 0.32119244792168977}, {'duration': 0.49627386404719526}, {'duration': 0.5417561108056262}, {'duration': 0.24416649474253327}, {'duration': 0.3885492652549168}, {'duration': 0.24416649474253327}, {'duration': 0.5036849404154762}, {'duration': 0.5776827781493606}], [{'duration': 0.5426011716132298}, {'duration': 0.5776827781493606}, {'duration': 0.45862764622336605}, {'duration': 0.15405190635831306}, {'duration': 0.6991503731942751}, {'duration': 0.3885492652549168}, {'duration': 0.3484316714302612}, {'duration': 0.4179632149333911}, {'duration': 0.4987995400543164}]]
PATTERN_DIRECTIONS:[True, True, True, True, False, True]
PATTERN_UNDIRECTED:False
