DATA:telco
TOTAL_TIME:139
TIME_UNIT_PRIMARY:864000
TIME_UNIT_SECONDARY:86400
RANDOM_WALKS:5000
PROB_RESTART:0.3
MAX_PATTERN_EDGES:10
EVALUATION_RANDOM_WALKS:10
TEST_EVALUATION_POSITIVE:[0.26919405861135359, 0.26324690551856766, 0.26612622837011773, 0.26106709066842215, 0.24852049844911009, 0.26576899213138416, 0.26174385756786928, 0.26913975543942187, 0.25800049929279223, 1.3106159127198492e-05]
TEST_EVALUATION_NEGATIVE:[0.2455197189747384, 0.26780560468960479, 0.27433575264785953, 0.22998604452317312, 0.11113356568447244, 0.26649152359582373, 1.7665582506186198e-05, 0.09888437982658782, 0.21891829968921669, 0.22676296645804489]
PATTERN_EDGES:[(0, 1), (0, 2), (0, 4), (0, 6)]
PATTERN_SCORES:[5.4211290245593471, 5.7418045350991589, 1.5042395374239623, 1.2354929647663055]
PATTERN_TIMESTAMPS:[[359539.0, 365651.0, 312296.0, 373456.0, 358844.0, 377514.0, 309520.0, 385488.0], [48601.0, 19612.0, 33494.0, 111318.0, 114180.0, 137722.0, 31705.0, 131600.0], [42418.0, 23800.0, 39976.0, 29520.0, 27458.0, 40591.0, 23265.0, 27253.0], [462749.0, 576180.0, 536455.0, 389647.0, 570106.0, 556570.0, 481289.0, 191441.0]]
PATTERN_ATTRIBUTES:[[{'duration': 0.3484316714302612}, {'duration': 0.41534838933410684}, {'duration': 0.5582785252964261}, {'duration': 0.5801118357520969}, {'duration': 0.6330892896287157}, {'duration': 0.3272006657589564}, {'duration': 0.4099265842596317}, {'duration': 0.712695374382313}], [{'duration': 0.6506446370824631}, {'duration': 0.5301421412689924}, {'duration': 0.4099265842596317}, {'duration': 0.8649104627113735}, {'duration': 0.8465778536357471}, {'duration': 0.5182244859262745}, {'duration': 0.4012631110299349}, {'duration': 0.6813323025107364}], [{'duration': 0.42301521946469534}, {'duration': 0.5272803961524233}, {'duration': 0.504873453997943}, {'duration': 0.4812525721172695}, {'duration': 0.5764480436609896}, {'duration': 0.4205179242419632}, {'duration': 0.6296814428633816}, {'duration': 0.545098466835962}], [{'duration': 0.6872133022909817}, {'duration': 0.33290063108047513}, {'duration': 0.5646708602139449}, {'duration': 0.8437013874339835}, {'duration': 0.3081038127166261}, {'duration': 0.41534838933410684}, {'duration': 0.43908180283014003}, {'duration': 0.43908180283014003}]]
PATTERN_DIRECTIONS:[True, True, True, True]
PATTERN_UNDIRECTED:False
