DATA:telco
TOTAL_TIME:387
TIME_UNIT_PRIMARY:864000
TIME_UNIT_SECONDARY:86400
RANDOM_WALKS:5000
PROB_RESTART:0.1
MAX_PATTERN_EDGES:10
EVALUATION_RANDOM_WALKS:10
TEST_EVALUATION_POSITIVE:[0.23489503409575768, 0.24364638162428204, 0.23862790441340742, 0.24692782463909241, 0.24670508303060668, 0.24895454515240134, 0.24299889296850022, 0.0, 0.25305365088797682, 0.24728808771527649]
TEST_EVALUATION_NEGATIVE:[0.24843867846548207, 0.056641413648940327, 0.16145983808729414, 0.23525923887345851, 0.24956957238037195, 0.24920082817679207, 0.25212593626863433, 0.24894526656609373, 0.24334420117440184, 0.24785937693731627]
PATTERN_EDGES:[(0, 1), (1, 0), (0, 1), (0, 2), (0, 3), (0, 4), (1, 0)]
PATTERN_SCORES:[19.122493782467821, 24.089840426597366, 6.8398169704855176, 12.553660810991689, 1.7841026488100344, 4.3369021672843058, 6.4980621028646448]
PATTERN_TIMESTAMPS:[[47399.0, 14786.0, 45308.0, 22336.0, 43188.0, 17040.0, 32990.0, 32802.0, 49992.0], [11972.0, 34032.0, 33533.0, 24818.0, 25685.0, 15084.0, 46965.0, 17118.0, 37294.0], [356034.0, 390418.0, 349557.0, 194656.0, 351588.0, 354389.0, 360448.0, 301062.0, 363541.0], [213154.0, 203803.0, 212148.0, 204449.0, 221478.0, 223495.0, 259363.0, 209822.0, 209811.0], [109813.0, 109166.0, 114258.0, 94534.0, 103583.0, 116470.0, 143157.0, 117881.0, 223787.0], [305384.0, 283705.0, 282439.0, 217691.0, 308606.0, 258410.0, 218297.0, 283640.0, 277306.0], [549555.0, 524299.0, 495402.0, 533869.0, 359301.0, 713022.0, 563128.0, 548418.0, 562051.0]]
PATTERN_ATTRIBUTES:[[{'duration': 0.5356535994025226}, {'duration': 0.5713671605014897}, {'duration': 0.5329320357673003}, {'duration': 0.40422661893811296}, {'duration': 0.45498387845174176}, {'duration': 0.5233463584012015}, {'duration': 0.575825493233473}, {'duration': 0.5095043307465239}, {'duration': 0.3148407214316908}], [{'duration': 0.41267054986260876}, {'duration': 0.5310799102153745}, {'duration': 0.6225352336462882}, {'duration': 0.3009319720934287}, {'duration': 0.5036849404154762}, {'duration': 0.3484316714302612}, {'duration': 0.3982184011008463}, {'duration': 0.7155725567373136}, {'duration': 0.49498916811254756}], [{'duration': 0.42784750081878653}, {'duration': 0.7176825877387353}, {'duration': 0.29326514196284015}, {'duration': 0.5329320357673003}, {'duration': 0.7350611221741808}, {'duration': 0.0}, {'duration': 0.7112283568962312}, {'duration': 0.575825493233473}, {'duration': 0.6837221787201052}], [{'duration': 0.5499307481900532}, {'duration': 0.12208324737126663}, {'duration': 0.4205179242419632}, {'duration': 0.3081038127166261}, {'duration': 0.3148407214316908}, {'duration': 0.5223406957849688}, {'duration': 0.5739366382280079}, {'duration': 0.35316110690873626}, {'duration': 0.5282425230342417}], [{'duration': 0.33290063108047513}, {'duration': 0.4492839131302231}, {'duration': 0.33290063108047513}, {'duration': 0.2761351537295797}, {'duration': 0.5150340765392201}, {'duration': 0.3885492652549168}, {'duration': 0.3081038127166261}, {'duration': 0.4012631110299349}, {'duration': 0.3484316714302612}], [{'duration': 0.3576974494443242}, {'duration': 0.3484316714302612}, {'duration': 0.43908180283014003}, {'duration': 0.6038221439438217}, {'duration': 0.3702910951419967}, {'duration': 0.3383224361549503}, {'duration': 0.5012690852555106}, {'duration': 0.3576974494443242}, {'duration': 0.15405190635831306}], [{'duration': 0.3950879135058457}, {'duration': 0.45862764622336605}, {'duration': 0.3918666746108473}, {'duration': 0.7326518145608041}, {'duration': 0.5560633364495592}, {'duration': 0.504873453997943}, {'duration': 0.40711314384309355}, {'duration': 0.6440866896024702}, {'duration': 0.3885492652549168}]]
PATTERN_DIRECTIONS:[True, False, True, True, True, True, False]
PATTERN_UNDIRECTED:False
