DATA:telco
TOTAL_TIME:94
TIME_UNIT_PRIMARY:1728000
TIME_UNIT_SECONDARY:172800
RANDOM_WALKS:1000
PROB_RESTART:0.1
MAX_PATTERN_EDGES:10
EVALUATION_RANDOM_WALKS:10
TEST_EVALUATION_POSITIVE:[0.24772924580416977, 0.24668368881212779, 0.24758012196564158, 0.24166917434837307, 0.25235932992218157, 0.24509000252402235, 0.25484305802825546, 0.22402161189637287, 0.24234156308499796, 0.2433361053625766]
TEST_EVALUATION_NEGATIVE:[0.058014889793100072, 0.24806502179624398, 0.23179809649331423, 0.24451932667689491, 0.23550143571287985, 0.22803660950962601, 0.18288634981625257, 0.25031450382804066, 0.24134617170120304, 0.24714177718328534]
PATTERN_EDGES:[(0, 1), (0, 1), (2, 0), (3, 0), (2, 0), (0, 4)]
PATTERN_SCORES:[5.1088749018240689, 2.4310972112575842, 1.4403689890176434, 1.0006010316200351, 1.8161106005572241, 0.74568383156980877]
PATTERN_TIMESTAMPS:[[716878.0, 733464.0, 745470.0, 728111.0, 720181.0, 718367.0, 737022.0, 735936.0], [1242690.0, 1231425.0, 1228244.0, 1233856.0, 1235970.0, 1155240.0, 1244043.0, 1080554.0], [558105.0, 306667.0, 450683.0, 472743.0, 473867.0, 476547.0, 569730.0, 552414.0], [574498.0, 717206.0, 818876.0, 655674.0, 658146.0, 805460.0, 651269.0, 816931.0], [2797240.0, 2639544.0, 2537010.0, 2775227.0, 2815427.0, 2738185.0, 2804829.0, 2872081.0], [2868690.0, 2880144.0, 2809461.0, 2898865.0, 3046348.0, 2967866.0, 2891851.0, 2712242.0]]
PATTERN_ATTRIBUTES:[[{'duration': 0.35316110690873626}, {'duration': 0.3434919710628067}, {'duration': 0.3484316714302612}, {'duration': 0.45862764622336605}, {'duration': 0.3950879135058457}, {'duration': 0.4987995400543164}, {'duration': 0.3702910951419967}, {'duration': 0.41267054986260876}], [{'duration': 0.5575450245430382}, {'duration': 0.3741906166759286}, {'duration': 0.4324783775673673}, {'duration': 0.5707153993330094}, {'duration': 0.6427273459161511}, {'duration': 0.45311618808983584}, {'duration': 0.4512165698550851}, {'duration': 0.47051491880152785}], [{'duration': 0.4179632149333911}, {'duration': 0.6583326924944974}, {'duration': 0.32119244792168977}, {'duration': 0.3434919710628067}, {'duration': 0.4254576246094177}, {'duration': 0.5347537972338753}, {'duration': 0.6685452277639274}, {'duration': 0.5993666489641254}], [{'duration': 0.3434919710628067}, {'duration': 0.3576974494443242}, {'duration': 0.3434919710628067}, {'duration': 0.6914835430636865}, {'duration': 0.4179632149333911}, {'duration': 0.40711314384309355}, {'duration': 0.6413511678246309}, {'duration': 0.3816016930442095}], [{'duration': 0.6970732106484366}, {'duration': 0.24416649474253327}, {'duration': 0.12208324737126663}, {'duration': 0.29326514196284015}, {'duration': 0.35316110690873626}, {'duration': 0.3950879135058457}, {'duration': 0.6399577331320767}, {'duration': 0.4205179242419632}], [{'duration': 0.33290063108047513}, {'duration': 0.4179632149333911}, {'duration': 0.5726593257663819}, {'duration': 0.41267054986260876}, {'duration': 0.5243430015003098}, {'duration': 0.7870479312222832}, {'duration': 0.2558746779013186}, {'duration': 0.5842389664462058}]]
PATTERN_DIRECTIONS:[True, True, False, False, False, True]
PATTERN_UNDIRECTED:False
