DATA:telco
TOTAL_TIME:79
TIME_UNIT_PRIMARY:1728000
TIME_UNIT_SECONDARY:172800
RANDOM_WALKS:1000
PROB_RESTART:0.1
MAX_PATTERN_EDGES:10
EVALUATION_RANDOM_WALKS:10
TEST_EVALUATION_POSITIVE:[0.25932012349221623, 0.24684024639680413, 0.2576378126735096, 0.25739755860585489, 0.18049812071574431, 0.26373052318566664, 0.26469244543088644, 0.2421470608478781, 0.25190981017917641, 0.26585960754450505]
TEST_EVALUATION_NEGATIVE:[0.26373629496951884, 0.23417726295509028, 0.2252810816837115, 0.1554240383431128, 0.14568897475441908, 0.23015292513381985, 0.25302560770977256, 0.2220858292578306, 0.26037309492562666, 0.24936675681972964]
PATTERN_EDGES:[(0, 2), (0, 3), (0, 3), (0, 6), (0, 7)]
PATTERN_SCORES:[0.73956747578974569, 2.0561756345528144, 0.84668740280386778, 2.087091903871916, 0.16213701063888541]
PATTERN_TIMESTAMPS:[[1174778.0, 1245806.0, 1154783.0, 1227779.0, 1229031.0, 1240226.0, 1161747.0, 1167187.0], [1166036.0, 1175196.0, 1146740.0, 1064610.0, 1256916.0, 1245761.0, 1190118.0, 1234976.0], [200572.0, 135684.0, 31602.0, 104800.0, 222930.0, 66572.0, 11330.0, 109081.0], [1322878.0, 1230865.0, 1311732.0, 1591182.0, 1339098.0, 1317870.0, 1316799.0, 1343110.0], [2178677.0, 2373247.0, 2104412.0, 1875159.0, 2296391.0, 2122058.0, 2174500.0, 2446857.0]]
PATTERN_ATTRIBUTES:[[{'duration': 0.3272006657589564}, {'duration': 0.3009319720934287}, {'duration': 0.3741906166759286}, {'duration': 0.21623918878368364}, {'duration': 0.40711314384309355}, {'duration': 0.3009319720934287}, {'duration': 0.441198532747118}, {'duration': 0.1788487247221621}], [{'duration': 0.3576974494443242}, {'duration': 0.47828906420909145}, {'duration': 0.4347234026234807}, {'duration': 0.12208324737126663}, {'duration': 0.4736901336906204}, {'duration': 0.41267054986260876}, {'duration': 0.2761351537295797}, {'duration': 0.5282425230342417}], [{'duration': 0.40711314384309355}, {'duration': 0.5320098316308983}, {'duration': 0.3434919710628067}, {'duration': 0.5909758751612704}, {'duration': 0.441198532747118}, {'duration': 0.3982184011008463}, {'duration': 0.4324783775673673}, {'duration': 0.5947250246009831}], [{'duration': 0.4012631110299349}, {'duration': 0.3148407214316908}, {'duration': 0.771768526316805}, {'duration': 0.3982184011008463}, {'duration': 0.2558746779013186}, {'duration': 0.5095043307465239}, {'duration': 0.6894812373483455}, {'duration': 0.5203016484721129}], [{'duration': 0.4179632149333911}, {'duration': 0.6018639441868574}, {'duration': 0.5983518020873252}, {'duration': 0.3272006657589564}, {'duration': 0.42301521946469534}, {'duration': 0.6208827874255831}, {'duration': 0.6140157405522192}, {'duration': 0.40711314384309355}]]
PATTERN_DIRECTIONS:[True, True, True, True, True]
PATTERN_UNDIRECTED:False
