DATA:telco
TOTAL_TIME:70
TIME_UNIT_PRIMARY:1728000
TIME_UNIT_SECONDARY:172800
RANDOM_WALKS:1000
PROB_RESTART:0.1
MAX_PATTERN_EDGES:10
EVALUATION_RANDOM_WALKS:10
TEST_EVALUATION_POSITIVE:[0.2475472491880199, 0.22823465562927017, 0.2490926355200424, 0.26260090667708358, 0.23542229947756235, 0.2627501068872542, 0.24514213693384518, 0.26547651292317898, 0.24859983016900017, 0.24601182252936551]
TEST_EVALUATION_NEGATIVE:[0.18949848347068954, 0.22369869523348665, 0.050032755733356367, 0.25545139869035655, 0.2609906523348583, 0.00044178966249775267, 0.22772977396216737, 0.25399498662636455, 0.26778146262105879, 0.25087798859790389]
PATTERN_EDGES:[(1, 0), (0, 2), (0, 1), (0, 3), (0, 1), (0, 4), (0, 6)]
PATTERN_SCORES:[8.4250220032466601, 5.2016860860709038, 7.3610397886887311, 4.2445501512279264, 1.902622840184709, 2.6724282045063363, 2.6856427976215667]
PATTERN_TIMESTAMPS:[[95547.0, 138932.0, 309629.0, 216378.0, 209355.0, 40112.0, 101096.0, 123724.0, 210257.0], [196877.0, 302758.0, 247164.0, 301622.0, 295773.0, 290988.0, 141036.0, 195569.0, 135710.0], [144573.0, 203966.0, 31583.0, 95732.0, 22204.0, 21645.0, 40788.0, 46402.0, 191051.0], [213312.0, 295056.0, 202819.0, 265902.0, 195041.0, 103242.0, 103192.0, 213424.0, 210848.0], [985216.0, 556260.0, 547276.0, 738604.0, 641886.0, 542173.0, 542672.0, 712351.0, 568337.0], [119250.0, 135405.0, 38066.0, 116725.0, 117122.0, 121834.0, 111778.0, 57295.0, 110287.0], [1336193.0, 1340426.0, 1322583.0, 1332982.0, 1339398.0, 1335330.0, 1315520.0, 1330559.0, 1264773.0]]
PATTERN_ATTRIBUTES:[[{'duration': 0.6487175663510509}, {'duration': 0.3484316714302612}, {'duration': 0.46040568352621686}, {'duration': 0.1788487247221621}, {'duration': 0.4179632149333911}, {'duration': 0.6444239431562354}, {'duration': 0.5310799102153745}, {'duration': 0.44731704832115327}, {'duration': 0.3081038127166261}], [{'duration': 0.35316110690873626}, {'duration': 0.5568066499947473}, {'duration': 0.4453147426058123}, {'duration': 0.4432756952929564}, {'duration': 0.7839254408177918}, {'duration': 0.3885492652549168}, {'duration': 0.45498387845174176}, {'duration': 0.37795792527258526}, {'duration': 0.4324783775673673}], [{'duration': 0.5383100994672011}, {'duration': 0.5095043307465239}, {'duration': 0.4827052066673338}, {'duration': 0.12208324737126663}, {'duration': 0.5139499219821139}, {'duration': 0.37795792527258526}, {'duration': 0.5618751162638301}, {'duration': 0.5632817801183846}, {'duration': 0.5632817801183846}], [{'duration': 0.3950879135058457}, {'duration': 0.46387862119398904}, {'duration': 0.3851297658957826}, {'duration': 0.4987995400543164}, {'duration': 0.6525388584127825}, {'duration': 0.40422661893811296}, {'duration': 0.5434398545426401}, {'duration': 0.4324783775673673}, {'duration': 0.4512165698550851}], [{'duration': 0.504873453997943}, {'duration': 0.21623918878368364}, {'duration': 0.4827052066673338}, {'duration': 0.43908180283014003}, {'duration': 0.24416649474253327}, {'duration': 0.5514959143554771}, {'duration': 0.21623918878368364}, {'duration': 0.3484316714302612}, {'duration': 0.4655752184340733}], [{'duration': 0.33290063108047513}, {'duration': 0.45498387845174176}, {'duration': 0.7789202919764087}, {'duration': 0.44731704832115327}, {'duration': 0.29326514196284015}, {'duration': 0.4432756952929564}, {'duration': 0.5012690852555106}, {'duration': 0.4936894461538529}, {'duration': 0.48969650304176526}], [{'duration': 0.47978069681559077}, {'duration': 0.504873453997943}, {'duration': 0.5036849404154762}, {'duration': 0.5192679204533642}, {'duration': 0.4923743425132633}, {'duration': 0.5024835777885743}, {'duration': 0.6113271022895295}, {'duration': 0.3434919710628067}, {'duration': 0.23107785953746957}]]
PATTERN_DIRECTIONS:[False, True, True, True, True, True, True]
PATTERN_UNDIRECTED:False
