DATA:telco
TOTAL_TIME:156
TIME_UNIT_PRIMARY:864000
TIME_UNIT_SECONDARY:86400
RANDOM_WALKS:5000
PROB_RESTART:0.3
MAX_PATTERN_EDGES:10
EVALUATION_RANDOM_WALKS:10
TEST_EVALUATION_POSITIVE:[0.25923061391938684, 0.15393417233486928, 0.2679712534449108, 0.26369605291022175, 0.21607766487135477, 0.25591074994341456, 0.25310931512938772, 0.26557293291944578, 0.24174414735424626, 0.26407200179050827]
TEST_EVALUATION_NEGATIVE:[0.25754265173669832, 0.24831584380814237, 1.2410833550459074e-13, 0.25414248744848922, 0.26678966753142086, 0.24297768993875585, 7.9293120800580566e-14, 0.23208584746587002, 0.19953886134518267, 0.25340061899199084]
PATTERN_EDGES:[(0, 1), (0, 2), (0, 1), (0, 2), (0, 3), (0, 5)]
PATTERN_SCORES:[10.669723064955402, 4.5842331158958816, 12.176015607613781, 8.9791134015356455, 3.5500378659400647, 1.2679191680178541]
PATTERN_TIMESTAMPS:[[137944.0, 147984.0, 132287.0, 114192.0, 111932.0, 129541.0, 100758.0, 128932.0], [127862.0, 48034.0, 125666.0, 100597.0, 192751.0, 37671.0, 104877.0, 51360.0], [28159.0, 64541.0, 49399.0, 35168.0, 32867.0, 47741.0, 29827.0, 48455.0], [57829.0, 100146.0, 122183.0, 139323.0, 98629.0, 35109.0, 51936.0, 37735.0], [29408.0, 113295.0, 24407.0, 230068.0, 49570.0, 49001.0, 56862.0, 31545.0], [307223.0, 401387.0, 283290.0, 230675.0, 273464.0, 299560.0, 350224.0, 208979.0]]
PATTERN_ATTRIBUTES:[[{'duration': 0.4512165698550851}, {'duration': 0.47524435428000283}, {'duration': 0.3383224361549503}, {'duration': 0.3484316714302612}, {'duration': 0.2761351537295797}, {'duration': 0.2558746779013186}, {'duration': 0.5106325126261834}, {'duration': 0.40422661893811296}], [{'duration': 0.45311618808983584}, {'duration': 0.5694002956924198}, {'duration': 0.5329320357673003}, {'duration': 0.5625806739399144}, {'duration': 0.33290063108047513}, {'duration': 0.46215571907493913}, {'duration': 0.6090357848100548}, {'duration': 0.6033358194885362}], [{'duration': 0.29326514196284015}, {'duration': 0.3620558496509835}, {'duration': 0.5993666489641254}, {'duration': 0.3576974494443242}, {'duration': 0.5887753089817938}, {'duration': 0.5560633364495592}, {'duration': 0.7082349109624566}, {'duration': 0.41267054986260876}], [{'duration': 0.1788487247221621}, {'duration': 0.3620558496509835}, {'duration': 0.21623918878368364}, {'duration': 0.40422661893811296}, {'duration': 0.0}, {'duration': 0.29326514196284015}, {'duration': 0.5161077560092965}, {'duration': 0.4254576246094177}], [{'duration': 0.6028473573364684}, {'duration': 0.3702910951419967}, {'duration': 0.4721138666850023}, {'duration': 0.672538170876015}, {'duration': 0.5374316367053734}, {'duration': 0.6434090962794353}, {'duration': 0.5365461741664863}, {'duration': 0.7641246345619138}], [{'duration': 0.4012631110299349}, {'duration': 0.3741906166759286}, {'duration': 0.5993666489641254}, {'duration': 0.5243430015003098}, {'duration': 0.41267054986260876}, {'duration': 0.28502989647182697}, {'duration': 0.4975438774211198}, {'duration': 0.45498387845174176}]]
PATTERN_DIRECTIONS:[True, True, True, True, True, True]
PATTERN_UNDIRECTED:False
