DATA:telco
TOTAL_TIME:147
TIME_UNIT_PRIMARY:864000
TIME_UNIT_SECONDARY:86400
RANDOM_WALKS:5000
PROB_RESTART:0.3
MAX_PATTERN_EDGES:10
EVALUATION_RANDOM_WALKS:10
TEST_EVALUATION_POSITIVE:[0.25274673932234087, 0.24861399285318175, 0.25540540738091388, 0.25379537613703179, 0.26395650497323542, 0.23632644212819723, 0.25825556024262214, 0.26092300865557544, 0.24155701903152935, 0.2589338131559426]
TEST_EVALUATION_NEGATIVE:[0.25550869715516661, 0.25160352342737152, 0.26771050964495646, 0.23283327573250456, 0.26235411025834893, 0.25625248704730402, 0.25186789787437613, 0.22077917130177538, 3.1784771750522516e-08, 0.25079927967236598]
PATTERN_EDGES:[(0, 1), (0, 1), (0, 2), (2, 0), (0, 4)]
PATTERN_SCORES:[9.3661910555978665, 9.380550647357401, 4.7382289544551952, 1.6752878036800509, 2.5444705757248922]
PATTERN_TIMESTAMPS:[[38558.0, 102414.0, 49539.0, 115153.0, 102740.0, 128041.0], [18296.0, 38911.0, 21849.0, 49303.0, 53689.0, 19509.0], [986088.0, 996624.0, 825888.0, 918964.0, 1001069.0, 985852.0], [55448.0, 728610.0, 15370.0, 38248.0, 306380.0, 45026.0], [203887.0, 266002.0, 291545.0, 292730.0, 211539.0, 213761.0]]
PATTERN_ATTRIBUTES:[[{'duration': 0.6289097386462924}, {'duration': 0.7061291208745855}, {'duration': 0.4512165698550851}, {'duration': 0.3148407214316908}, {'duration': 0.3383224361549503}, {'duration': 0.23107785953746957}], [{'duration': 0.3741906166759286}, {'duration': 0.3662497421137999}, {'duration': 0.3148407214316908}, {'duration': 0.44731704832115327}, {'duration': 0.2558746779013186}, {'duration': 0.42784750081878653}], [{'duration': 0.588218290468789}, {'duration': 0.6122305622307834}, {'duration': 0.4324783775673673}, {'duration': 0.5036849404154762}, {'duration': 0.5223406957849688}, {'duration': 0.4512165698550851}], [{'duration': 0.4179632149333911}, {'duration': 0.42784750081878653}, {'duration': 0.28502989647182697}, {'duration': 0.23107785953746957}, {'duration': 0.19910920055042314}, {'duration': 0.6781465838208258}], [{'duration': 0.6420413871906472}, {'duration': 0.47978069681559077}, {'duration': 0.3851297658957826}, {'duration': 0.3434919710628067}, {'duration': 0.3272006657589564}, {'duration': 0.32119244792168977}]]
PATTERN_DIRECTIONS:[True, True, True, False, True]
PATTERN_UNDIRECTED:False
