DATA:telco
TOTAL_TIME:295
TIME_UNIT_PRIMARY:864000
TIME_UNIT_SECONDARY:86400
RANDOM_WALKS:5000
PROB_RESTART:0.1
MAX_PATTERN_EDGES:10
EVALUATION_RANDOM_WALKS:10
TEST_EVALUATION_POSITIVE:[0.23891441375480732, 0.25289309097771268, 0.23863638242155213, 0.23474142767847753, 0.23716887185360641, 0.24678960061285257, 0.23956022321855081, 0.24509521322415379, 0.24434575013168605, 0.24303344522371018]
TEST_EVALUATION_NEGATIVE:[0.17137748573419401, 9.9676532702196259e-11, 0.18921275084683761, 0.029759995617964226, 0.23993452470216553, 0.242800890301727, 0.033769237515738737, 0.25372038671208746, 0.086949980358990889, 0.23852572148870194]
PATTERN_EDGES:[(0, 1), (1, 0), (0, 3), (0, 5), (6, 0)]
PATTERN_SCORES:[10.474454391874337, 10.518382849661776, 8.8623036185181245, 8.8273241658545132, 4.690635099093118]
PATTERN_TIMESTAMPS:[[647358.0, 642132.0, 645437.0, 638846.0, 623684.0, 648433.0, 652784.0, 663111.0, 638201.0, 653185.0], [29189.0, 127488.0, 14191.0, 287232.0, 359943.0, 45083.0, 99296.0, 107020.0, 15006.0, 43091.0], [292014.0, 285683.0, 314040.0, 302077.0, 283466.0, 292629.0, 306689.0, 286838.0, 282553.0, 291537.0], [907936.0, 999874.0, 912520.0, 903387.0, 958988.0, 895562.0, 1051271.0, 971545.0, 891084.0, 788577.0], [102363.0, 55700.0, 53326.0, 14185.0, 358682.0, 37150.0, 14330.0, 35763.0, 39460.0, 191440.0]]
PATTERN_ATTRIBUTES:[[{'duration': 0.6559298970314175}, {'duration': 0.6798733105156249}, {'duration': 0.3851297658957826}, {'duration': 0.6217120820256107}, {'duration': 0.6763926021432818}, {'duration': 0.6192053976802613}, {'duration': 0.5625806739399144}, {'duration': 0.23107785953746957}, {'duration': 0.5732998172263518}, {'duration': 0.6028473573364684}], [{'duration': 0.583075343660275}, {'duration': 0.6233523326267773}, {'duration': 0.4655752184340733}, {'duration': 0.46889262779000385}, {'duration': 0.6577368467737891}, {'duration': 0.41267054986260876}, {'duration': 0.7397284731990206}, {'duration': 0.4721138666850023}, {'duration': 0.3885492652549168}, {'duration': 0.6166408616961138}], [{'duration': 0.43908180283014003}, {'duration': 0.4012631110299349}, {'duration': 0.35316110690873626}, {'duration': 0.4736901336906204}, {'duration': 0.5713671605014897}, {'duration': 0.4512165698550851}, {'duration': 0.49104348875420495}, {'duration': 0.5538030898386419}, {'duration': 0.5024835777885743}, {'duration': 0.5128550859273622}], [{'duration': 0.5060493904811185}, {'duration': 0.3982184011008463}, {'duration': 0.6140157405522192}, {'duration': 0.5024835777885743}, {'duration': 0.5625806739399144}, {'duration': 0.8563470569901689}, {'duration': 0.23107785953746957}, {'duration': 0.46387862119398904}, {'duration': 0.441198532747118}, {'duration': 0.4254576246094177}], [{'duration': 0.4453147426058123}, {'duration': 0.5842389664462058}, {'duration': 0.5192679204533642}, {'duration': 0.6345709777221948}, {'duration': 0.7180303969762578}, {'duration': 0.5983518020873252}, {'duration': 0.48555472076075784}, {'duration': 0.8336801782726179}, {'duration': 0.3662497421137999}, {'duration': 0.5739366382280079}]]
PATTERN_DIRECTIONS:[True, False, True, True, False]
PATTERN_UNDIRECTED:False
