DATA:telco
TOTAL_TIME:150
TIME_UNIT_PRIMARY:864000
TIME_UNIT_SECONDARY:86400
RANDOM_WALKS:5000
PROB_RESTART:0.3
MAX_PATTERN_EDGES:10
EVALUATION_RANDOM_WALKS:10
TEST_EVALUATION_POSITIVE:[0.25644382948563421, 0.25317047593233388, 0.26352657259832157, 0.25276770836032919, 0.27481658410929816, 0.26880848774859961, 0.27938817848664499, 0.25580747441943441, 0.26684107835632948, 0.26131642247829512]
TEST_EVALUATION_NEGATIVE:[0.036438972164929445, 0.19182190183165934, 0.18696147607465211, 0.23710155254862178, 0.26520724587340377, 0.13933567254931142, 0.27300217937838961, 0.12245200674890475, 0.26230660129588668, 0.23369256647161807]
PATTERN_EDGES:[(0, 1), (0, 2), (0, 4), (0, 5)]
PATTERN_SCORES:[20.594774812434082, 12.729552827829307, 9.2389030983165039, 10.207260079719699]
PATTERN_TIMESTAMPS:[[132979.0, 141220.0, 141243.0, 140012.0, 137899.0, 120684.0, 141603.0, 199697.0, 191768.0], [29635.0, 27695.0, 17034.0, 35431.0, 21009.0, 44652.0, 43344.0, 32373.0, 32883.0], [569710.0, 644061.0, 631540.0, 622526.0, 624455.0, 632913.0, 561527.0, 576748.0, 660873.0], [370519.0, 361380.0, 359301.0, 447838.0, 460551.0, 381959.0, 475499.0, 363527.0, 375292.0]]
PATTERN_ATTRIBUTES:[[{'duration': 0.5291963912143602}, {'duration': 0.668001828340427}, {'duration': 0.41534838933410684}, {'duration': 0.41534838933410684}, {'duration': 0.504873453997943}, {'duration': 0.3816016930442095}, {'duration': 0.42301521946469534}, {'duration': 0.47978069681559077}, {'duration': 0.4568206964809943}], [{'duration': 0.6028473573364684}, {'duration': 0.42784750081878653}, {'duration': 0.2558746779013186}, {'duration': 0.6371173239104867}, {'duration': 0.43018706008789276}, {'duration': 0.28502989647182697}, {'duration': 0.4936894461538529}, {'duration': 0.43908180283014003}, {'duration': 0.4987995400543164}], [{'duration': 0.2761351537295797}, {'duration': 0.44731704832115327}, {'duration': 0.3009319720934287}, {'duration': 0.37795792527258526}, {'duration': 0.21623918878368364}, {'duration': 0.3950879135058457}, {'duration': 0.19910920055042314}, {'duration': 0.605746433770312}, {'duration': 0.8145181459253186}], [{'duration': 0.4254576246094177}, {'duration': 0.5434398545426401}, {'duration': 0.8296842435475307}, {'duration': 0.3885492652549168}, {'duration': 0.43692396880295736}, {'duration': 0.5499307481900532}, {'duration': 0.5720151212917041}, {'duration': 0.49104348875420495}, {'duration': 0.4324783775673673}]]
PATTERN_DIRECTIONS:[True, True, True, True]
PATTERN_UNDIRECTED:False
