DATA:telco
TOTAL_TIME:55
TIME_UNIT_PRIMARY:864000
TIME_UNIT_SECONDARY:172800
RANDOM_WALKS:1000
PROB_RESTART:0.1
MAX_PATTERN_EDGES:10
EVALUATION_RANDOM_WALKS:10
TEST_EVALUATION_POSITIVE:[0.26839967509580975, 0.27561657918147237, 0.25790971794753687, 0.0, 0.27450122674143534, 0.26737196264185076, 0.27433690986537912, 0.00026380183464438592, 0.27150542325289839, 0.26125959718953973]
TEST_EVALUATION_NEGATIVE:[0.27186369210307376, 0.24664498210224758, 0.214253749792327, 0.26207321038548792, 0.17336610452751913, 0.26108910926614853, 0.26695256478705726, 0.27466541768131952, 0.2656952703300573, 0.23297788486905718]
PATTERN_EDGES:[(0, 1), (0, 2), (0, 4), (0, 3)]
PATTERN_SCORES:[7.0351484488120111, 1.2605884705538148, 2.0201201213773725, 3.6058556989996164]
PATTERN_TIMESTAMPS:[[198395.0, 118224.0, 121305.0, 56713.0, 105321.0, 200363.0, 193698.0, 203485.0, 218679.0], [135047.0, 132555.0, 280853.0, 203733.0, 283713.0, 287125.0, 398428.0, 235765.0, 299030.0], [192346.0, 211650.0, 59780.0, 146352.0, 101908.0, 95058.0, 125819.0, 56031.0, 24398.0], [478729.0, 440866.0, 470094.0, 621751.0, 480096.0, 478847.0, 557913.0, 714489.0, 663977.0]]
PATTERN_ATTRIBUTES:[[{'duration': 0.5467326868862684}, {'duration': 0.5310799102153745}, {'duration': 0.5893295493360545}, {'duration': 0.5660427907341524}, {'duration': 0.441198532747118}, {'duration': 0.29326514196284015}, {'duration': 0.5459185809691603}, {'duration': 0.15405190635831306}, {'duration': 0.43908180283014003}], [{'duration': 0.49627386404719526}, {'duration': 0.5347537972338753}, {'duration': 0.3702910951419967}, {'duration': 0.4205179242419632}, {'duration': 0.3982184011008463}, {'duration': 0.5467326868862684}, {'duration': 0.5560633364495592}, {'duration': 0.44731704832115327}, {'duration': 0.2761351537295797}], [{'duration': 0.41534838933410684}, {'duration': 0.4987995400543164}, {'duration': 0.40711314384309355}, {'duration': 0.3383224361549503}, {'duration': 0.5568066499947473}, {'duration': 0.4099265842596317}, {'duration': 0.5000411726438518}, {'duration': 0.5491398198641587}, {'duration': 0.2761351537295797}], [{'duration': 0.3702910951419967}, {'duration': 0.21623918878368364}, {'duration': 0.2761351537295797}, {'duration': 0.26646601788365015}, {'duration': 0.3982184011008463}, {'duration': 0.46215571907493913}, {'duration': 0.41534838933410684}, {'duration': 0.7608662871051527}, {'duration': 0.3272006657589564}]]
PATTERN_DIRECTIONS:[True, True, True, True]
PATTERN_UNDIRECTED:False
