DATA:telco
TOTAL_TIME:76
TIME_UNIT_PRIMARY:864000
TIME_UNIT_SECONDARY:172800
RANDOM_WALKS:1000
PROB_RESTART:0.1
MAX_PATTERN_EDGES:10
EVALUATION_RANDOM_WALKS:10
TEST_EVALUATION_POSITIVE:[0.25671475937413962, 0.27600876944409969, 0.25648028057656841, 0.2064383666721534, 0.26182300270525088, 0.25448216140839308, 0.25982868599757786, 0.25809550678542637, 0.26392837700528071, 0.26826055436625379]
TEST_EVALUATION_NEGATIVE:[0.050865214188059185, 0.25838967945678476, 0.25222996733560804, 0.24447383555807065, 0.25837423427594691, 0.25115770762524586, 0.25098927671520516, 0.2442518181703211, 0.25263602325734102, 0.17807345526778837]
PATTERN_EDGES:[(1, 0), (0, 3), (0, 2), (0, 1), (0, 1)]
PATTERN_SCORES:[3.5764197502711905, 2.3185152833955707, 2.4273746078880967, 1.4275442894949555, 1.1538653657751525]
PATTERN_TIMESTAMPS:[[227642.0, 117149.0, 305389.0, 291916.0, 300908.0, 295221.0, 265742.0, 293561.0], [106888.0, 139719.0, 227587.0, 137331.0, 121914.0, 51378.0, 43151.0, 228344.0], [223218.0, 28740.0, 22812.0, 131303.0, 16249.0, 142882.0, 19622.0, 6248.0], [728718.0, 897393.0, 721111.0, 817174.0, 725673.0, 715326.0, 704096.0, 563297.0], [364514.0, 299528.0, 373537.0, 449086.0, 279332.0, 272365.0, 540817.0, 293255.0]]
PATTERN_ATTRIBUTES:[[{'duration': 0.6603933468384677}, {'duration': 0.5720151212917041}, {'duration': 0.5083645775688196}, {'duration': 0.5320098316308983}, {'duration': 0.5391816722540956}, {'duration': 0.5915192745847708}, {'duration': 0.5604504177663716}, {'duration': 0.4827052066673338}], [{'duration': 0.5329320357673003}, {'duration': 0.5467326868862684}, {'duration': 0.3982184011008463}, {'duration': 0.755048166577743}, {'duration': 0.5442722551439444}, {'duration': 0.4987995400543164}, {'duration': 0.6389010694429867}, {'duration': 0.598860384030752}], [{'duration': 0.42301521946469534}, {'duration': 0.5745698306002762}, {'duration': 0.5036849404154762}, {'duration': 0.4672463019647879}, {'duration': 0.49104348875420495}, {'duration': 0.6506446370824631}, {'duration': 0.3576974494443242}, {'duration': 0.3081038127166261}], [{'duration': 0.40422661893811296}, {'duration': 0.441198532747118}, {'duration': 0.4841390970222501}, {'duration': 0.3702910951419967}, {'duration': 0.609497843524296}, {'duration': 0.6464262488715764}, {'duration': 0.3620558496509835}, {'duration': 0.5272803961524233}], [{'duration': 0.5770671258230085}, {'duration': 0.623758640065425}, {'duration': 0.2558746779013186}, {'duration': 0.555315017388248}, {'duration': 0.7439329454648317}, {'duration': 0.609497843524296}, {'duration': 0.3950879135058457}, {'duration': 0.5813067393153409}]]
PATTERN_DIRECTIONS:[False, True, True, True, True]
PATTERN_UNDIRECTED:False
