DATA:telco
TOTAL_TIME:83
TIME_UNIT_PRIMARY:864000
TIME_UNIT_SECONDARY:86400
RANDOM_WALKS:1000
PROB_RESTART:0.1
MAX_PATTERN_EDGES:10
EVALUATION_RANDOM_WALKS:10
TEST_EVALUATION_POSITIVE:[0.24360129212738757, 0.25294528610494371, 0.24151703376647968, 0.24962645542657952, 0.25807901054860727, 0.23609767684006017, 0.23758038318313252, 0.25302121822019741, 0.25113688515273896, 0.23882731248389882]
TEST_EVALUATION_NEGATIVE:[0.25171647928378349, 4.0663427411146006e-08, 0.25733193876028526, 0.25733456500905555, 0.25151406705715423, 0.23860612221070227, 0.25071751848744722, 0.11788169888252922, 0.25353525165746377, 0.25412094283967412]
PATTERN_EDGES:[(0, 1), (0, 2), (0, 3), (0, 1), (0, 1)]
PATTERN_SCORES:[7.2092163904913065, 4.3498341065274184, 3.623042036625566, 3.5967757703369667, 0.40583093075387455]
PATTERN_TIMESTAMPS:[[105345.0, 107943.0, 95840.0, 35503.0, 100442.0, 52499.0, 95212.0, 112149.0, 103499.0, 103263.0], [375504.0, 358101.0, 223174.0, 312350.0, 383737.0, 462618.0, 378408.0, 214456.0, 224125.0, 389237.0], [18631.0, 28369.0, 22044.0, 33388.0, 2881.0, 8469.0, 13020.0, 35404.0, 17246.0, 44837.0], [280489.0, 365153.0, 206952.0, 312133.0, 299111.0, 210731.0, 276298.0, 283166.0, 454226.0, 273463.0], [537552.0, 470387.0, 453003.0, 490531.0, 453777.0, 448654.0, 569100.0, 535194.0, 451521.0, 556111.0]]
PATTERN_ATTRIBUTES:[[{'duration': 0.4324783775673673}, {'duration': 0.6363957307212339}, {'duration': 0.5272803961524233}, {'duration': 0.7606298509294237}, {'duration': 0.7629718756699521}, {'duration': 0.46387862119398904}, {'duration': 0.8072928553101689}, {'duration': 0.608571796826277}, {'duration': 0.45862764622336605}, {'duration': 0.45862764622336605}], [{'duration': 0.3272006657589564}, {'duration': 0.3484316714302612}, {'duration': 0.6506446370824631}, {'duration': 0.6885796100031645}, {'duration': 0.5106325126261834}, {'duration': 0.588218290468789}, {'duration': 0.3620558496509835}, {'duration': 0.583075343660275}, {'duration': 0.5998706179035177}, {'duration': 0.3702910951419967}], [{'duration': 0.4324783775673673}, {'duration': 0.40422661893811296}, {'duration': 0.3383224361549503}, {'duration': 0.3383224361549503}, {'duration': 0.8380102699934099}, {'duration': 0.47828906420909145}, {'duration': 0.5483432217527752}, {'duration': 0.46387862119398904}, {'duration': 0.5024835777885743}, {'duration': 0.4568206964809943}], [{'duration': 0.666355502515211}, {'duration': 0.5893295493360545}, {'duration': 0.3662497421137999}, {'duration': 0.5764480436609896}, {'duration': 0.6801178099776727}, {'duration': 0.43692396880295736}, {'duration': 0.6356694212031565}, {'duration': 0.6756323371892177}, {'duration': 0.4923743425132633}, {'duration': 0.5898810391065187}], [{'duration': 0.43908180283014003}, {'duration': 0.6066962255409486}, {'duration': 0.6490410744708607}, {'duration': 0.5000411726438518}, {'duration': 0.5639784906179447}, {'duration': 0.6399577331320767}, {'duration': 0.40422661893811296}, {'duration': 0.7412886450515278}, {'duration': 0.612679552581679}, {'duration': 0.19910920055042314}]]
PATTERN_DIRECTIONS:[True, True, True, True, True]
PATTERN_UNDIRECTED:False
