DATA:telco
TOTAL_TIME:70
TIME_UNIT_PRIMARY:864000
TIME_UNIT_SECONDARY:86400
RANDOM_WALKS:1000
PROB_RESTART:0.1
MAX_PATTERN_EDGES:10
EVALUATION_RANDOM_WALKS:10
TEST_EVALUATION_POSITIVE:[0.26193088722894475, 0.26585548779361245, 0.25567617943222515, 0.25755432100466336, 0.26714624571067469, 0.23986419805350684, 0.26582680763360061, 0.25708982148977122, 0.27575864019889795, 0.24397340211963436]
TEST_EVALUATION_NEGATIVE:[0.26518898119244422, 0.26114581608642157, 0.091257935392063824, 0.27637258555652311, 0.25017903432924721, 0.26631956641691307, 0.27162799378003316, 0.26009658551818282, 0.2744246443974041, 0.2603909244953761]
PATTERN_EDGES:[(0, 1), (0, 1), (0, 2), (0, 3), (0, 4)]
PATTERN_SCORES:[17.759813407706961, 8.8323980086101592, 6.3517441640980206, 6.9734805743071053, 4.0527418686505978]
PATTERN_TIMESTAMPS:[[18468.0, 41648.0, 25460.0, 41211.0, 7921.0, 9341.0, 31837.0, 26126.0, 13270.0], [113787.0, 121680.0, 120712.0, 130308.0, 120990.0, 104077.0, 117649.0, 125959.0, 28691.0], [99970.0, 198478.0, 102109.0, 118374.0, 203412.0, 140268.0, 283805.0, 205185.0, 142252.0], [30155.0, 32518.0, 49810.0, 104958.0, 43344.0, 30820.0, 18721.0, 45015.0, 51078.0], [719969.0, 727934.0, 639985.0, 736551.0, 627477.0, 736148.0, 729129.0, 735369.0, 740162.0]]
PATTERN_ATTRIBUTES:[[{'duration': 0.3620558496509835}, {'duration': 0.5545616249386339}, {'duration': 0.3272006657589564}, {'duration': 0.5072130132670493}, {'duration': 0.33290063108047513}, {'duration': 0.5320098316308983}, {'duration': 0.5442722551439444}, {'duration': 0.40422661893811296}, {'duration': 0.5936666836426066}], [{'duration': 0.3950879135058457}, {'duration': 0.2558746779013186}, {'duration': 0.19910920055042314}, {'duration': 0.4568206964809943}, {'duration': 0.3702910951419967}, {'duration': 0.7007845932445815}, {'duration': 0.4099265842596317}, {'duration': 0.46040568352621686}, {'duration': 0.5243430015003098}], [{'duration': 0.5291963912143602}, {'duration': 0.7057419254979391}, {'duration': 0.5233463584012015}, {'duration': 0.4767771366594854}, {'duration': 0.4347234026234807}, {'duration': 0.441198532747118}, {'duration': 0.3816016930442095}, {'duration': 0.47051491880152785}, {'duration': 0.5072130132670493}], [{'duration': 0.5000411726438518}, {'duration': 0.5000411726438518}, {'duration': 0.33290063108047513}, {'duration': 0.42784750081878653}, {'duration': 0.4936894461538529}, {'duration': 0.5356535994025226}, {'duration': 0.4987995400543164}, {'duration': 0.5329320357673003}, {'duration': 0.43018706008789276}], [{'duration': 0.45498387845174176}, {'duration': 0.3950879135058457}, {'duration': 0.3434919710628067}, {'duration': 0.3576974494443242}, {'duration': 0.7479841216939782}, {'duration': 0.40422661893811296}, {'duration': 0.48969650304176526}, {'duration': 0.5243430015003098}, {'duration': 0.2558746779013186}]]
PATTERN_DIRECTIONS:[True, True, True, True, True]
PATTERN_UNDIRECTED:False
