DATA:telco
TOTAL_TIME:122
TIME_UNIT_PRIMARY:864000
TIME_UNIT_SECONDARY:86400
RANDOM_WALKS:5000
PROB_RESTART:0.3
MAX_PATTERN_EDGES:10
EVALUATION_RANDOM_WALKS:10
TEST_EVALUATION_POSITIVE:[0.27922163788147669, 0.25389162197394366, 0.26450682664694669, 0.26242131026848659, 0.25162597961976274, 0.27211447249962328, 0.25871749924440196, 0.26101229951301963, 0.25352189155936861, 0.2504479180998832]
TEST_EVALUATION_NEGATIVE:[0.26179280288891904, 0.23515285698580596, 0.27485726094241164, 0.23706070765936654, 0.26123162934882832, 0.2264168131086744, 0.25258933960887331, 0.25112134573439715, 0.2368874872996643, 0.12931568717275879]
PATTERN_EDGES:[(0, 1), (0, 1), (0, 1)]
PATTERN_SCORES:[15.54252063740601, 2.0574827868711685, 0.45397148719630032]
PATTERN_TIMESTAMPS:[[16029.0, 18953.0, 16965.0, 30646.0, 30871.0, 32222.0, 818006.0, 27760.0, 10732.0, 14042.0], [133542.0, 299699.0, 880804.0, 190688.0, 189406.0, 193949.0, 194089.0, 125233.0, 193068.0, 197280.0], [473575.0, 478435.0, 465075.0, 442065.0, 455934.0, 482086.0, 451441.0, 449064.0, 819002.0, 477138.0]]
PATTERN_ATTRIBUTES:[[{'duration': 0.7662824685890965}, {'duration': 0.3383224361549503}, {'duration': 0.7321941956820959}, {'duration': 0.5920600297183766}, {'duration': 0.6444239431562354}, {'duration': 0.4012631110299349}, {'duration': 0.40422661893811296}, {'duration': 0.4767771366594854}, {'duration': 0.5582785252964261}, {'duration': 0.7629718756699521}], [{'duration': 0.5538030898386419}, {'duration': 0.4512165698550851}, {'duration': 0.4655752184340733}, {'duration': 0.7171588241893632}, {'duration': 0.621298208323101}, {'duration': 0.3434919710628067}, {'duration': 0.666355502515211}, {'duration': 0.45862764622336605}, {'duration': 0.7724090177767748}, {'duration': 0.6289097386462924}], [{'duration': 0.2761351537295797}, {'duration': 0.3148407214316908}, {'duration': 0.1788487247221621}, {'duration': 0.3272006657589564}, {'duration': 0.28502989647182697}, {'duration': 0.21623918878368364}, {'duration': 0.3918666746108473}, {'duration': 0.2558746779013186}, {'duration': 0.3982184011008463}, {'duration': 0.4099265842596317}]]
PATTERN_DIRECTIONS:[True, True, True]
PATTERN_UNDIRECTED:False
