DATA:telco
TOTAL_TIME:77
TIME_UNIT_PRIMARY:864000
TIME_UNIT_SECONDARY:172800
RANDOM_WALKS:1000
PROB_RESTART:0.1
MAX_PATTERN_EDGES:10
EVALUATION_RANDOM_WALKS:10
TEST_EVALUATION_POSITIVE:[0.26838228710840178, 0.27002180465941683, 0.27243047028389833, 0.26842467075213494, 0.2655472764386444, 0.26869876170283308, 0.27034202363709969, 0.25201847100507352, 0.24206554831395452, 0.27530665817714056]
TEST_EVALUATION_NEGATIVE:[0.19557954914278133, 0.19879494080988838, 0.24620390758342894, 0.26154358619500057, 0.2676858994750852, 0.25720246245843226, 0.27350559839765665, 0.27281323676365782, 0.27447290820758374, 0.23370804519375765]
PATTERN_EDGES:[(0, 1), (0, 1), (0, 1), (0, 1)]
PATTERN_SCORES:[16.888579448183325, 12.164909912491119, 9.6273743157757821, 5.4433519449497405]
PATTERN_TIMESTAMPS:[[23447.0, 139911.0, 144494.0, 130732.0, 133882.0, 186990.0, 185175.0, 142856.0, 134144.0, 125526.0], [138413.0, 116667.0, 99453.0, 46715.0, 13708.0, 144494.0, 122917.0, 30024.0, 126403.0, 129751.0], [134328.0, 310119.0, 285665.0, 310166.0, 302838.0, 315898.0, 306688.0, 192773.0, 216311.0, 273064.0], [551271.0, 379841.0, 464421.0, 562335.0, 442185.0, 450229.0, 405618.0, 457713.0, 540557.0, 520970.0]]
PATTERN_ATTRIBUTES:[[{'duration': 0.42301521946469534}, {'duration': 0.44731704832115327}, {'duration': 0.49498916811254756}, {'duration': 0.46040568352621686}, {'duration': 0.45498387845174176}, {'duration': 0.6883530554686859}, {'duration': 0.5776827781493606}, {'duration': 0.5522703074591594}, {'duration': 0.3272006657589564}, {'duration': 0.4254576246094177}], [{'duration': 0.5192679204533642}, {'duration': 0.3620558496509835}, {'duration': 0.7139633175998338}, {'duration': 0.6066962255409486}, {'duration': 0.7168082719722497}, {'duration': 0.4936894461538529}, {'duration': 0.4672463019647879}, {'duration': 0.43692396880295736}, {'duration': 0.3620558496509835}, {'duration': 0.35316110690873626}], [{'duration': 0.40711314384309355}, {'duration': 0.3009319720934287}, {'duration': 0.3885492652549168}, {'duration': 0.3885492652549168}, {'duration': 0.7051585910315418}, {'duration': 0.5400464623046577}, {'duration': 0.5611650502014066}, {'duration': 0.2558746779013186}, {'duration': 0.3620558496509835}, {'duration': 0.45862764622336605}], [{'duration': 0.26646601788365015}, {'duration': 0.40422661893811296}, {'duration': 0.5920600297183766}, {'duration': 0.3620558496509835}, {'duration': 0.40422661893811296}, {'duration': 0.4099265842596317}, {'duration': 0.33290063108047513}, {'duration': 0.3009319720934287}, {'duration': 0.1788487247221621}, {'duration': 0.3081038127166261}]]
PATTERN_DIRECTIONS:[True, True, True, True]
PATTERN_UNDIRECTED:False
