DATA:telco
TOTAL_TIME:78
TIME_UNIT_PRIMARY:864000
TIME_UNIT_SECONDARY:86400
RANDOM_WALKS:1000
PROB_RESTART:0.1
MAX_PATTERN_EDGES:10
EVALUATION_RANDOM_WALKS:10
TEST_EVALUATION_POSITIVE:[0.038972400197298113, 0.27148605342420595, 0.27226118472217209, 0.26567513647961644, 0.27431477816906313, 0.28259366230304961, 0.26482690669610592, 0.27348011368582548, 0.26211303997335089, 0.26459967165606868]
TEST_EVALUATION_NEGATIVE:[0.26839928832138549, 0.22050463475126356, 0.13749449691723692, 0.26014738790237213, 0.22710500467434569, 3.0035431313566309e-14, 0.26127184980115292, 6.3173222293779896e-10, 0.273308784050178, 0.25456594694108514]
PATTERN_EDGES:[(0, 1), (0, 2), (2, 0)]
PATTERN_SCORES:[10.306690910926475, 6.9860834758231629, 2.213461303689896]
PATTERN_TIMESTAMPS:[[54449.0, 32690.0, 14351.0, 23811.0, 98790.0, 60684.0, 60675.0, 34166.0, 61225.0], [216460.0, 325721.0, 292263.0, 308224.0, 309646.0, 219793.0, 296420.0, 308372.0, 220883.0], [397837.0, 61149.0, 65874.0, 40483.0, 106060.0, 18397.0, 20105.0, 51089.0, 28473.0]]
PATTERN_ATTRIBUTES:[[{'duration': 0.47051491880152785}, {'duration': 0.41267054986260876}, {'duration': 0.26646601788365015}, {'duration': 0.4923743425132633}, {'duration': 0.40422661893811296}, {'duration': 0.32119244792168977}, {'duration': 0.3741906166759286}, {'duration': 0.3620558496509835}, {'duration': 0.4012631110299349}], [{'duration': 0.5171711608771123}, {'duration': 0.2558746779013186}, {'duration': 0.3434919710628067}, {'duration': 0.8311368780975951}, {'duration': 0.43908180283014003}, {'duration': 0.5282425230342417}, {'duration': 0.3148407214316908}, {'duration': 0.3081038127166261}, {'duration': 0.29326514196284015}], [{'duration': 0.12208324737126663}, {'duration': 0.668273860203745}, {'duration': 0.21623918878368364}, {'duration': 0.4827052066673338}, {'duration': 0.46040568352621686}, {'duration': 0.797884982399189}, {'duration': 0.28502989647182697}, {'duration': 0.8398238789664646}, {'duration': 0.3081038127166261}]]
PATTERN_DIRECTIONS:[True, True, False]
PATTERN_UNDIRECTED:False
