DATA:telco
TOTAL_TIME:86
TIME_UNIT_PRIMARY:1728000
TIME_UNIT_SECONDARY:172800
RANDOM_WALKS:1000
PROB_RESTART:0.1
MAX_PATTERN_EDGES:10
EVALUATION_RANDOM_WALKS:10
TEST_EVALUATION_POSITIVE:[0.23523892920862258, 0.25349243743474392, 0.25096322520494907, 0.24804415923914624, 0.2138401348202682, 0.24150997595007834, 0.24936199395664627, 0.25066964162845501, 0.24529054657113886, 0.25065596973473947]
TEST_EVALUATION_NEGATIVE:[0.24335478069993749, 0.057185561890099379, 0.24480615772579173, 0.25601588987528201, 0.2253324797103195, 0.25959872511998983, 1.828828947152589e-05, 0.22466887742900743, 0.00024854601136520098, 0.24256043230489754]
PATTERN_EDGES:[(0, 1), (0, 2), (0, 2), (0, 2), (0, 2), (2, 0), (0, 2), (0, 2)]
PATTERN_SCORES:[16.80257770753402, 5.2701364581223444, 3.5498072139055203, 1.8903681220409774, 2.9208261712906936, 3.3025197514720728, 1.8452515575745205, 1.9367098129472151]
PATTERN_TIMESTAMPS:[[18500.0, 139449.0, 12283.0, 19003.0, 129260.0, 113930.0, 28359.0, 17581.0], [1150608.0, 1340299.0, 1330706.0, 1161045.0, 1142145.0, 1158461.0, 1155304.0, 1160456.0], [220379.0, 220948.0, 198954.0, 130432.0, 129776.0, 36559.0, 213287.0, 24157.0], [559464.0, 553707.0, 568613.0, 709074.0, 569354.0, 554769.0, 546452.0, 544090.0], [203992.0, 232226.0, 108573.0, 137032.0, 183846.0, 309326.0, 215140.0, 191187.0], [29002.0, 130690.0, 137227.0, 213287.0, 38623.0, 44494.0, 22724.0, 110146.0], [897453.0, 634857.0, 810062.0, 727752.0, 824393.0, 838152.0, 791201.0, 824089.0], [542689.0, 283426.0, 462355.0, 713120.0, 534167.0, 720411.0, 477461.0, 475212.0]]
PATTERN_ATTRIBUTES:[[{'duration': 0.40422661893811296}, {'duration': 0.5530393413980907}, {'duration': 0.4099265842596317}, {'duration': 0.5848162402673687}, {'duration': 0.7390119977275449}, {'duration': 0.3484316714302612}, {'duration': 0.6968633428605224}, {'duration': 0.6450953951125179}], [{'duration': 0.47828906420909145}, {'duration': 0.40711314384309355}, {'duration': 0.4432756952929564}, {'duration': 0.3576974494443242}, {'duration': 0.4324783775673673}, {'duration': 0.19910920055042314}, {'duration': 0.4347234026234807}, {'duration': 0.6506446370824631}], [{'duration': 0.5801118357520969}, {'duration': 0.3272006657589564}, {'duration': 0.3741906166759286}, {'duration': 0.5475408719806844}, {'duration': 0.3950879135058457}, {'duration': 0.3484316714302612}, {'duration': 0.3434919710628067}, {'duration': 0.07702595317915653}], [{'duration': 0.4099265842596317}, {'duration': 0.5925981661727944}, {'duration': 0.26646601788365015}, {'duration': 0.6330892896287157}, {'duration': 0.26646601788365015}, {'duration': 0.2761351537295797}, {'duration': 0.43692396880295736}, {'duration': 0.12208324737126663}], [{'duration': 0.4205179242419632}, {'duration': 0.29326514196284015}, {'duration': 0.12208324737126663}, {'duration': 0.2558746779013186}, {'duration': 0.3148407214316908}, {'duration': 0.3081038127166261}, {'duration': 0.5072130132670493}, {'duration': 0.5514959143554771}], [{'duration': 0.3148407214316908}, {'duration': 0.2761351537295797}, {'duration': 0.5106325126261834}, {'duration': 0.3383224361549503}, {'duration': 0.4254576246094177}, {'duration': 0.0}, {'duration': 0.8252088080897466}, {'duration': 0.5320098316308983}], [{'duration': 0.44731704832115327}, {'duration': 0.4099265842596317}, {'duration': 0.5203016484721129}, {'duration': 0.5263098663093796}, {'duration': 0.5545616249386339}, {'duration': 0.5936666836426066}, {'duration': 0.6885796100031645}, {'duration': 0.3702910951419967}], [{'duration': 0.24416649474253327}, {'duration': 0.42301521946469534}, {'duration': 0.3982184011008463}, {'duration': 0.47828906420909145}, {'duration': 0.3576974494443242}, {'duration': 0.3009319720934287}, {'duration': 0.41267054986260876}, {'duration': 0.4767771366594854}]]
PATTERN_DIRECTIONS:[True, True, True, True, True, False, True, True]
PATTERN_UNDIRECTED:False
