DATA:telco
TOTAL_TIME:60
TIME_UNIT_PRIMARY:864000
TIME_UNIT_SECONDARY:172800
RANDOM_WALKS:1000
PROB_RESTART:0.1
MAX_PATTERN_EDGES:10
EVALUATION_RANDOM_WALKS:10
TEST_EVALUATION_POSITIVE:[0.27796644077354377, 0.24699722754674444, 0.26438587966146349, 0.25250783251174608, 0.26303269430258586, 0.11803154330833653, 0.2528841589226471, 0.254788010295523, 0.2694144767452597, 0.23312539658158427]
TEST_EVALUATION_NEGATIVE:[0.26587892568856958, 0.2505260771395032, 0.1505042615117704, 0.25720379731057164, 0.22801917450431172, 0.25873496963041681, 0.083762207343227382, 0.24594097558971895, 0.26317538333489815, 0.26312775256075871]
PATTERN_EDGES:[(0, 1), (0, 2), (0, 2), (0, 2)]
PATTERN_SCORES:[4.1869098253983363, 7.6965421616194929, 4.4926770317927627, 3.3536168348854267]
PATTERN_TIMESTAMPS:[[2004184.0, 1943879.0, 2113700.0, 2114116.0, 2022922.0, 2016663.0], [120904.0, 107692.0, 111894.0, 23350.0, 52008.0, 24210.0], [709686.0, 716976.0, 892939.0, 730953.0, 727659.0, 720907.0], [119376.0, 122076.0, 295768.0, 136020.0, 50304.0, 12480.0]]
PATTERN_ATTRIBUTES:[[{'duration': 0.28502989647182697}, {'duration': 0.3148407214316908}, {'duration': 0.3982184011008463}, {'duration': 0.3741906166759286}, {'duration': 0.40422661893811296}, {'duration': 0.5012690852555106}], [{'duration': 0.6117797504130319}, {'duration': 0.5338466496601509}, {'duration': 0.3816016930442095}, {'duration': 0.5625806739399144}, {'duration': 0.8570450177635311}, {'duration': 0.6028473573364684}], [{'duration': 0.5329320357673003}, {'duration': 0.6225352336462882}, {'duration': 0.5694002956924198}, {'duration': 0.6308290430177985}, {'duration': 0.6071680944481489}, {'duration': 0.7115969309013513}], [{'duration': 0.3434919710628067}, {'duration': 0.46040568352621686}, {'duration': 0.6113271022895295}, {'duration': 0.1788487247221621}, {'duration': 0.6166408616961138}, {'duration': 0.43692396880295736}]]
PATTERN_DIRECTIONS:[True, True, True, True]
PATTERN_UNDIRECTED:False
