DATA:telco
TOTAL_TIME:130
TIME_UNIT_PRIMARY:864000
TIME_UNIT_SECONDARY:86400
RANDOM_WALKS:5000
PROB_RESTART:0.3
MAX_PATTERN_EDGES:10
EVALUATION_RANDOM_WALKS:10
TEST_EVALUATION_POSITIVE:[0.23922107365410744, 0.23845924776630448, 0.2316309917862712, 0.22598741732888272, 0.2295204861089879, 0.22932662321076899, 0.23555126926660025, 0.2358970190720667, 0.23318809281651656, 0.25182804911619394]
TEST_EVALUATION_NEGATIVE:[0.23368614870221718, 0.23142839603454474, 0.24783064282062434, 0.24450291381515213, 0.25219183930043015, 0.23023768694607219, 0.24118913418021956, 0.12279095145641558, 0.040978349589551447, 0.046013083729385278]
PATTERN_EDGES:[(0, 1), (0, 2), (0, 3), (0, 4), (0, 2), (0, 4)]
PATTERN_SCORES:[31.573959061908884, 29.449111869009478, 14.783588778372568, 11.270939884503141, 6.4503384722219881, 1.0978561136651819]
PATTERN_TIMESTAMPS:[[37284.0, 27414.0, 140472.0, 25129.0, 45446.0, 8936.0, 29570.0, 37023.0, 34186.0, 50825.0], [276071.0, 299078.0, 300838.0, 224629.0, 309205.0, 273701.0, 275129.0, 295437.0, 313668.0, 288488.0], [735169.0, 895963.0, 741784.0, 664705.0, 707678.0, 721565.0, 707499.0, 639616.0, 703937.0, 647725.0], [548208.0, 464163.0, 554717.0, 481553.0, 543379.0, 541729.0, 575058.0, 527461.0, 552550.0, 475132.0], [627143.0, 743250.0, 641181.0, 656538.0, 531776.0, 564384.0, 641738.0, 707892.0, 738729.0, 645488.0], [348589.0, 452619.0, 389408.0, 407697.0, 819345.0, 224734.0, 361263.0, 358509.0, 371035.0, 376839.0]]
PATTERN_ATTRIBUTES:[[{'duration': 0.5639784906179447}, {'duration': 0.3950879135058457}, {'duration': 0.47051491880152785}, {'duration': 0.45498387845174176}, {'duration': 0.6047884540386004}, {'duration': 0.45862764622336605}, {'duration': 0.3950879135058457}, {'duration': 0.2558746779013186}, {'duration': 0.3272006657589564}, {'duration': 0.6822944293925547}], [{'duration': 0.5310799102153745}, {'duration': 0.5000411726438518}, {'duration': 0.4512165698550851}, {'duration': 0.4205179242419632}, {'duration': 0.3620558496509835}, {'duration': 0.5824889308974835}, {'duration': 0.5161077560092965}, {'duration': 0.26646601788365015}, {'duration': 0.33290063108047513}, {'duration': 0.4179632149333911}], [{'duration': 0.45498387845174176}, {'duration': 0.23107785953746957}, {'duration': 0.3383224361549503}, {'duration': 0.3982184011008463}, {'duration': 0.5243430015003098}, {'duration': 0.45311618808983584}, {'duration': 0.3885492652549168}, {'duration': 0.3982184011008463}, {'duration': 0.29326514196284015}, {'duration': 0.3741906166759286}], [{'duration': 0.21623918878368364}, {'duration': 0.5036849404154762}, {'duration': 0.29326514196284015}, {'duration': 0.43908180283014003}, {'duration': 0.3741906166759286}, {'duration': 0.7871411959870288}, {'duration': 0.5272803961524233}, {'duration': 0.2761351537295797}, {'duration': 0.29326514196284015}, {'duration': 0.41534838933410684}], [{'duration': 0.23107785953746957}, {'duration': 0.5720151212917041}, {'duration': 0.5310799102153745}, {'duration': 0.5522703074591594}, {'duration': 0.6603933468384677}, {'duration': 0.26646601788365015}, {'duration': 0.441198532747118}, {'duration': 0.7539225242618307}, {'duration': 0.28502989647182697}, {'duration': 0.0}], [{'duration': 0.46387862119398904}, {'duration': 0.3662497421137999}, {'duration': 0.28502989647182697}, {'duration': 0.3620558496509835}, {'duration': 0.1788487247221621}, {'duration': 0.6104162368563331}, {'duration': 0.5745698306002762}, {'duration': 0.6241634673279743}, {'duration': 0.42301521946469534}, {'duration': 0.32119244792168977}]]
PATTERN_DIRECTIONS:[True, True, True, True, True, True]
PATTERN_UNDIRECTED:False
