DATA:telco
TOTAL_TIME:73
TIME_UNIT_PRIMARY:864000
TIME_UNIT_SECONDARY:86400
RANDOM_WALKS:1000
PROB_RESTART:0.1
MAX_PATTERN_EDGES:10
EVALUATION_RANDOM_WALKS:10
TEST_EVALUATION_POSITIVE:[0.22790355904451942, 0.2546375238406498, 0.20918204100918075, 0.25496970909082478, 0.24832049390471014, 0.24067225000026246, 0.24850854872386274, 0.24487967327544058, 0.25461937791541345, 0.25477663568678621]
TEST_EVALUATION_NEGATIVE:[0.1149266345240894, 0.16533241027044265, 0.22863266109150399, 0.10041303614054006, 0.264295006591446, 0.25475114780358066, 0.23947384533963628, 0.13523709849890211, 0.25290637023590828, 0.24950896922793786]
PATTERN_EDGES:[(0, 1), (1, 0), (0, 1), (0, 2), (0, 3), (1, 0)]
PATTERN_SCORES:[20.323938220795839, 10.421246266628488, 7.9783211331498753, 7.2106840640410024, 5.0419487761987831, 5.2285081512331084]
PATTERN_TIMESTAMPS:[[99601.0, 28023.0, 27713.0, 23840.0, 20027.0, 54632.0, 43638.0, 57373.0], [557234.0, 394152.0, 469005.0, 487297.0, 471042.0, 283674.0, 395033.0, 464041.0], [284217.0, 221002.0, 406320.0, 394739.0, 311567.0, 313753.0, 376197.0, 468673.0], [664450.0, 741070.0, 554973.0, 652783.0, 621592.0, 630930.0, 624316.0, 577032.0], [548092.0, 629521.0, 469932.0, 480188.0, 472283.0, 476155.0, 799721.0, 648658.0], [639402.0, 642012.0, 630021.0, 642516.0, 652867.0, 664235.0, 721154.0, 627751.0]]
PATTERN_ATTRIBUTES:[[{'duration': 0.0}, {'duration': 0.3576974494443242}, {'duration': 0.26646601788365015}, {'duration': 0.43018706008789276}, {'duration': 0.3148407214316908}, {'duration': 0.3741906166759286}, {'duration': 0.5338466496601509}, {'duration': 0.5263098663093796}], [{'duration': 0.41534838933410684}, {'duration': 0.3383224361549503}, {'duration': 0.5272803961524233}, {'duration': 0.7512508166684234}, {'duration': 0.5978408818278932}, {'duration': 0.42784750081878653}, {'duration': 0.19910920055042314}, {'duration': 0.4205179242419632}], [{'duration': 0.4923743425132633}, {'duration': 0.44731704832115327}, {'duration': 0.4869525374387882}, {'duration': 0.3272006657589564}, {'duration': 0.41534838933410684}, {'duration': 0.32119244792168977}, {'duration': 0.12208324737126663}, {'duration': 0.5329320357673003}], [{'duration': 0.4179632149333911}, {'duration': 0.5263098663093796}, {'duration': 0.3272006657589564}, {'duration': 0.5391816722540956}, {'duration': 0.5434398545426401}, {'duration': 0.43692396880295736}, {'duration': 0.32119244792168977}, {'duration': 0.26646601788365015}], [{'duration': 0.4324783775673673}, {'duration': 0.8102850094732589}, {'duration': 0.6865237967034525}, {'duration': 0.5611650502014066}, {'duration': 0.3148407214316908}, {'duration': 0.3662497421137999}, {'duration': 0.23107785953746957}, {'duration': 0.5171711608771123}], [{'duration': 0.4672463019647879}, {'duration': 0.5947250246009831}, {'duration': 0.46040568352621686}, {'duration': 0.5391816722540956}, {'duration': 0.45862764622336605}, {'duration': 0.6396066271190709}, {'duration': 0.5968119396555531}, {'duration': 0.41534838933410684}]]
PATTERN_DIRECTIONS:[True, False, True, True, True, False]
PATTERN_UNDIRECTED:False
