DATA:telco
TOTAL_TIME:169
TIME_UNIT_PRIMARY:864000
TIME_UNIT_SECONDARY:86400
RANDOM_WALKS:5000
PROB_RESTART:0.3
MAX_PATTERN_EDGES:10
EVALUATION_RANDOM_WALKS:10
TEST_EVALUATION_POSITIVE:[0.25660056791829866, 0.24532212381123161, 0.23743790536000198, 0.24966300877140435, 0.25149046486933241, 0.25235841902204581, 0.25901658655581072, 0.2584747469672169, 0.25392646299158733, 0.25299325432610009]
TEST_EVALUATION_NEGATIVE:[0.17464668338815106, 0.076518480394810587, 0.2263749631240447, 0.25304132910336347, 0.25978698409146411, 0.2470746348419873, 0.26193266694532996, 0.24301448451239105, 0.26073185329275794, 0.25887481579643351]
PATTERN_EDGES:[(0, 1), (0, 2), (0, 1), (3, 0), (0, 4), (0, 5)]
PATTERN_SCORES:[11.016231706456971, 8.7966410687915602, 7.5088258590678238, 4.5527121005405222, 4.9596605430254854, 5.4726352177924706]
PATTERN_TIMESTAMPS:[[41708.0, 28766.0, 26723.0, 17942.0, 20376.0, 27847.0, 30268.0, 32947.0, 17900.0], [40022.0, 9532.0, 20511.0, 26767.0, 14729.0, 17050.0, 20608.0, 37841.0, 13166.0], [109008.0, 103604.0, 119233.0, 130826.0, 100303.0, 107670.0, 109203.0, 112198.0, 110942.0], [218278.0, 366748.0, 217608.0, 213537.0, 207749.0, 142841.0, 206694.0, 213188.0, 215190.0], [378350.0, 471213.0, 384917.0, 402310.0, 376458.0, 396713.0, 395748.0, 397075.0, 389206.0], [288579.0, 305291.0, 192874.0, 280461.0, 199137.0, 291341.0, 306632.0, 279879.0, 283477.0]]
PATTERN_ATTRIBUTES:[[{'duration': 0.5391816722540956}, {'duration': 0.6506446370824631}, {'duration': 0.5467326868862684}, {'duration': 0.19910920055042314}, {'duration': 0.6157726935251194}, {'duration': 0.4012631110299349}, {'duration': 0.5095043307465239}, {'duration': 0.46215571907493913}, {'duration': 0.3885492652549168}], [{'duration': 0.35316110690873626}, {'duration': 0.3918666746108473}, {'duration': 0.5925981661727944}, {'duration': 0.5060493904811185}, {'duration': 0.5538030898386419}, {'duration': 0.5770671258230085}, {'duration': 0.5083645775688196}, {'duration': 0.5347537972338753}, {'duration': 0.609497843524296}], [{'duration': 0.4736901336906204}, {'duration': 0.7136025219560375}, {'duration': 0.6008717504465483}, {'duration': 0.5000411726438518}, {'duration': 0.24416649474253327}, {'duration': 0.5904298054596122}, {'duration': 0.4655752184340733}, {'duration': 0.6496852789455384}, {'duration': 0.5507160868697769}], [{'duration': 0.3009319720934287}, {'duration': 0.4512165698550851}, {'duration': 0.3272006657589564}, {'duration': 0.43692396880295736}, {'duration': 0.47524435428000283}, {'duration': 0.47524435428000283}, {'duration': 0.47978069681559077}, {'duration': 0.3576974494443242}, {'duration': 0.46040568352621686}], [{'duration': 0.5434398545426401}, {'duration': 0.4205179242419632}, {'duration': 0.41534838933410684}, {'duration': 0.5356535994025226}, {'duration': 0.7609843168142534}, {'duration': 0.2558746779013186}, {'duration': 0.44731704832115327}, {'duration': 0.45498387845174176}, {'duration': 0.4721138666850023}], [{'duration': 0.4672463019647879}, {'duration': 0.42301521946469534}, {'duration': 0.47978069681559077}, {'duration': 0.5374316367053734}, {'duration': 0.23107785953746957}, {'duration': 0.3576974494443242}, {'duration': 0.5128550859273622}, {'duration': 0.48555472076075784}, {'duration': 0.49498916811254756}]]
PATTERN_DIRECTIONS:[True, True, True, False, True, True]
PATTERN_UNDIRECTED:False
