DATA:telco
TOTAL_TIME:74
TIME_UNIT_PRIMARY:864000
TIME_UNIT_SECONDARY:86400
RANDOM_WALKS:1000
PROB_RESTART:0.1
MAX_PATTERN_EDGES:10
EVALUATION_RANDOM_WALKS:10
TEST_EVALUATION_POSITIVE:[0.23689447736941399, 0.25309367052846554, 0.24189308077160671, 0.24613077962114677, 0.25128941381927627, 0.2571817077743328, 0.22082001382432298, 0.24619540779413551, 0.24859752586884348, 0.25674734516729658]
TEST_EVALUATION_NEGATIVE:[0.1971970620896813, 0.24902938313573994, 0.24470648730362715, 0.24271473568101604, 0.24222720726979635, 0.15490663654366368, 0.1798497162207349, 0.24624666148646113, 0.015080736622545207, 0.25835184019301793]
PATTERN_EDGES:[(0, 1), (0, 2), (0, 3), (0, 3), (0, 3), (0, 4), (0, 3)]
PATTERN_SCORES:[9.1665351141480649, 6.8755164039867882, 1.0266205773232941, 1.5454845882104999, 2.8894228085783977, 5.8038728886161906, 4.2309823704461476]
PATTERN_TIMESTAMPS:[[211033.0, 301139.0, 300055.0, 183756.0, 223636.0, 277877.0, 138656.0, 308471.0], [27552.0, 51028.0, 50601.0, 15780.0, 3832.0, 39601.0, 38567.0, 13884.0], [715233.0, 659818.0, 704853.0, 658576.0, 658831.0, 648738.0, 646510.0, 707189.0], [12724.0, 194232.0, 18018.0, 59086.0, 64705.0, 21623.0, 56760.0, 226882.0], [567193.0, 652819.0, 709157.0, 705058.0, 635876.0, 645087.0, 653223.0, 643529.0], [130252.0, 109056.0, 142217.0, 137817.0, 195135.0, 400621.0, 136629.0, 128785.0], [909773.0, 960625.0, 827991.0, 896109.0, 897467.0, 883085.0, 905313.0, 892076.0]]
PATTERN_ATTRIBUTES:[[{'duration': 0.44731704832115327}, {'duration': 0.26646601788365015}, {'duration': 0.6629878217444122}, {'duration': 0.4324783775673673}, {'duration': 0.3009319720934287}, {'duration': 0.19910920055042314}, {'duration': 0.33290063108047513}, {'duration': 0.3009319720934287}], [{'duration': 0.504873453997943}, {'duration': 0.2558746779013186}, {'duration': 0.3576974494443242}, {'duration': 0.5434398545426401}, {'duration': 0.7917073667232176}, {'duration': 0.19910920055042314}, {'duration': 0.5203016484721129}, {'duration': 0.3620558496509835}], [{'duration': 0.42784750081878653}, {'duration': 0.3741906166759286}, {'duration': 0.6467564867391957}, {'duration': 0.45311618808983584}, {'duration': 0.6265619408806355}, {'duration': 0.6371173239104867}, {'duration': 0.5117493558026373}, {'duration': 0.28502989647182697}], [{'duration': 0.7252564845913411}, {'duration': 0.5876584658053399}, {'duration': 0.6848981152032806}, {'duration': 0.3576974494443242}, {'duration': 0.3620558496509835}, {'duration': 0.6273500644725999}, {'duration': 0.26646601788365015}, {'duration': 0.3148407214316908}], [{'duration': 0.28502989647182697}, {'duration': 0.4347234026234807}, {'duration': 0.3885492652549168}, {'duration': 0.24416649474253327}, {'duration': 0.723617443658387}, {'duration': 0.47828906420909145}, {'duration': 0.6204658077217966}, {'duration': 0.654093079002165}], [{'duration': 0.32119244792168977}, {'duration': 0.32119244792168977}, {'duration': 0.3816016930442095}, {'duration': 0.3620558496509835}, {'duration': 0.3620558496509835}, {'duration': 0.46889262779000385}, {'duration': 0.2761351537295797}, {'duration': 0.43908180283014003}], [{'duration': 0.6658012621609503}, {'duration': 0.4841390970222501}, {'duration': 0.3741906166759286}, {'duration': 0.3885492652549168}, {'duration': 0.3662497421137999}, {'duration': 0.6586294215377528}, {'duration': 0.15405190635831306}, {'duration': 0.6496852789455384}]]
PATTERN_DIRECTIONS:[True, True, True, True, True, True, True]
PATTERN_UNDIRECTED:False
