DATA:telco
TOTAL_TIME:316
TIME_UNIT_PRIMARY:864000
TIME_UNIT_SECONDARY:86400
RANDOM_WALKS:5000
PROB_RESTART:0.1
MAX_PATTERN_EDGES:10
EVALUATION_RANDOM_WALKS:10
TEST_EVALUATION_POSITIVE:[0.24464718297481558, 0.24283739933805473, 0.25679168884730014, 0.25332248870520802, 0.25289955387834995, 0.22974513626455195, 0.23816205795726719, 0.24114766472304811, 0.25497332414508211, 0.24869685665034935]
TEST_EVALUATION_NEGATIVE:[0.25063403356912151, 0.25399466402622656, 0.17101068904995037, 0.23914033028860154, 0.072308385057844454, 0.059102797726073499, 0.25257745760546924, 0.11217492462613407, 0.23747861738649551, 0.23356185721436362]
PATTERN_EDGES:[(0, 1), (1, 0), (0, 1), (0, 1), (0, 2), (1, 0)]
PATTERN_SCORES:[83.471816269137065, 29.823240151184688, 42.921741417330558, 21.76632044776251, 25.51426093523272, 13.910921327068722]
PATTERN_TIMESTAMPS:[[13864.0, 3263.0, 27371.0, 37399.0, 15544.0, 21712.0, 42925.0, 18586.0, 46529.0, 28761.0], [202295.0, 315267.0, 318060.0, 269865.0, 268814.0, 305552.0, 267217.0, 264286.0, 282776.0, 278013.0], [5244.0, 137418.0, 46683.0, 116167.0, 108892.0, 96362.0, 131295.0, 123694.0, 123790.0, 100896.0], [271438.0, 230334.0, 279687.0, 463225.0, 226366.0, 227029.0, 249209.0, 278899.0, 271056.0, 295142.0], [390887.0, 391761.0, 310505.0, 394548.0, 360675.0, 390817.0, 355966.0, 373695.0, 318284.0, 387323.0], [553177.0, 295122.0, 474857.0, 716107.0, 457260.0, 444805.0, 456854.0, 367739.0, 452189.0, 441090.0]]
PATTERN_ATTRIBUTES:[[{'duration': 0.45862764622336605}, {'duration': 0.3148407214316908}, {'duration': 0.6646844189844965}, {'duration': 0.5782950384346671}, {'duration': 0.29326514196284015}, {'duration': 0.5568066499947473}, {'duration': 0.3741906166759286}, {'duration': 0.6450953951125179}, {'duration': 0.7570215806698953}, {'duration': 0.4492839131302231}], [{'duration': 0.28502989647182697}, {'duration': 0.3383224361549503}, {'duration': 0.4012631110299349}, {'duration': 0.7983073506791238}, {'duration': 0.7290942747110458}, {'duration': 0.5117493558026373}, {'duration': 0.7397284731990206}, {'duration': 0.5732998172263518}, {'duration': 0.4936894461538529}, {'duration': 0.3383224361549503}], [{'duration': 0.6791365677462589}, {'duration': 0.5475408719806844}, {'duration': 0.1788487247221621}, {'duration': 0.3885492652549168}, {'duration': 0.40711314384309355}, {'duration': 0.7455711809430838}, {'duration': 0.3741906166759286}, {'duration': 0.32119244792168977}, {'duration': 0.3982184011008463}, {'duration': 0.21623918878368364}], [{'duration': 0.21623918878368364}, {'duration': 0.29326514196284015}, {'duration': 0.5646708602139449}, {'duration': 0.3741906166759286}, {'duration': 0.29326514196284015}, {'duration': 0.3950879135058457}, {'duration': 0.3741906166759286}, {'duration': 0.4767771366594854}, {'duration': 0.3741906166759286}, {'duration': 0.23107785953746957}], [{'duration': 0.3702910951419967}, {'duration': 0.3484316714302612}, {'duration': 0.4492839131302231}, {'duration': 0.8686885745984995}, {'duration': 0.3950879135058457}, {'duration': 0.5491398198641587}, {'duration': 0.40422661893811296}, {'duration': 0.7909892707789903}, {'duration': 0.43018706008789276}, {'duration': 0.5391816722540956}], [{'duration': 0.3576974494443242}, {'duration': 0.5263098663093796}, {'duration': 0.4512165698550851}, {'duration': 0.46040568352621686}, {'duration': 0.7290942747110458}, {'duration': 0.734013471687685}, {'duration': 0.45498387845174176}, {'duration': 0.555315017388248}, {'duration': 0.8112647543675107}, {'duration': 0.7859226055481595}]]
PATTERN_DIRECTIONS:[True, False, True, True, True, False]
PATTERN_UNDIRECTED:False
