DATA:telco
TOTAL_TIME:72
TIME_UNIT_PRIMARY:864000
TIME_UNIT_SECONDARY:86400
RANDOM_WALKS:5000
PROB_RESTART:0.3
MAX_PATTERN_EDGES:10
EVALUATION_RANDOM_WALKS:10
TEST_EVALUATION_POSITIVE:[0.2792403887323639, 0.28185303204848722, 0.29515729532705032, 0.28885988186397371, 0.28083738447673728, 0.2986094176871219, 0.25449216664117319, 0.28605493007119476, 0.29187397554223893, 0.29405371264005636]
TEST_EVALUATION_NEGATIVE:[0.033113236789291796, 0.00011593989329397632, 0.081609833450099478, 0.29652917022415837, 0.19374928564782207, 0.28402870099102573, 1.7826400273657568e-06, 0.29741729354709368, 0.28581947747690689, 0.29847190892263287]
PATTERN_EDGES:[(0, 1)]
PATTERN_SCORES:[4.8909920761258734]
PATTERN_TIMESTAMPS:[[1668247.0, 1650708.0, 1653532.0, 1754534.0, 1682706.0, 1677440.0, 1650705.0, 1692078.0]]
PATTERN_ATTRIBUTES:[[{'duration': 0.44731704832115327}, {'duration': 0.3576974494443242}, {'duration': 0.5117493558026373}, {'duration': 0.40422661893811296}, {'duration': 0.4512165698550851}, {'duration': 0.6047884540386004}, {'duration': 0.47051491880152785}, {'duration': 0.5947250246009831}]]
PATTERN_DIRECTIONS:[True]
PATTERN_UNDIRECTED:False
