DATA:telco
TOTAL_TIME:309
TIME_UNIT_PRIMARY:864000
TIME_UNIT_SECONDARY:86400
RANDOM_WALKS:5000
PROB_RESTART:0.1
MAX_PATTERN_EDGES:10
EVALUATION_RANDOM_WALKS:10
TEST_EVALUATION_POSITIVE:[0.24560904115487903, 0.19096232896054605, 0.25119414111775373, 0.24018351719702019, 0.23560861148821513, 0.25179166482445392, 0.25398594811667496, 0.2519265165179207, 0.24986508655311773, 0.25074042986559242]
TEST_EVALUATION_NEGATIVE:[0.24398529747710906, 0.23248709484797633, 0.24918088812388497, 0.088045409378818454, 3.244951562591714e-12, 0.25200543490794636, 0.23670098514879298, 0.25735080782489167, 0.24644512536973032, 0.031919782314748561]
PATTERN_EDGES:[(0, 2), (0, 3), (0, 4), (0, 1), (0, 6), (0, 5)]
PATTERN_SCORES:[7.5987765643557257, 8.1999323233050152, 4.8272656374006129, 0.20614927148396966, 2.1296184534679177, 1.4850768171945552]
PATTERN_TIMESTAMPS:[[208597.0, 271020.0, 215441.0, 218601.0, 196943.0, 193526.0, 120403.0, 193628.0, 229205.0, 135851.0], [320136.0, 383375.0, 386853.0, 310273.0, 399696.0, 369632.0, 362204.0, 386588.0, 381632.0, 360015.0], [112794.0, 112201.0, 116341.0, 118309.0, 108805.0, 103785.0, 118924.0, 205499.0, 118496.0, 123182.0], [107719.0, 229138.0, 128862.0, 368308.0, 125003.0, 108426.0, 97472.0, 130110.0, 222860.0, 125581.0], [112595.0, 283922.0, 133932.0, 211123.0, 227627.0, 124126.0, 133998.0, 122196.0, 54502.0, 295773.0], [527249.0, 568425.0, 528737.0, 530957.0, 551296.0, 552896.0, 535000.0, 626309.0, 549676.0, 544339.0]]
PATTERN_ATTRIBUTES:[[{'duration': 0.4205179242419632}, {'duration': 0.3383224361549503}, {'duration': 0.3576974494443242}, {'duration': 0.3918666746108473}, {'duration': 0.47051491880152785}, {'duration': 0.3620558496509835}, {'duration': 0.46387862119398904}, {'duration': 0.48833298948506654}, {'duration': 0.33290063108047513}, {'duration': 0.545098466835962}], [{'duration': 0.43908180283014003}, {'duration': 0.3081038127166261}, {'duration': 0.5024835777885743}, {'duration': 0.4324783775673673}, {'duration': 0.0}, {'duration': 0.3620558496509835}, {'duration': 0.6487175663510509}, {'duration': 0.24416649474253327}, {'duration': 0.32119244792168977}, {'duration': 0.3851297658957826}], [{'duration': 0.3484316714302612}, {'duration': 0.32119244792168977}, {'duration': 0.5842389664462058}, {'duration': 0.3741906166759286}, {'duration': 0.46040568352621686}, {'duration': 0.0}, {'duration': 0.1788487247221621}, {'duration': 0.5732998172263518}, {'duration': 0.441198532747118}, {'duration': 0.3851297658957826}], [{'duration': 0.6245668251598409}, {'duration': 0.6265619408806355}, {'duration': 0.3272006657589564}, {'duration': 0.3484316714302612}, {'duration': 0.21623918878368364}, {'duration': 0.32119244792168977}, {'duration': 0.45311618808983584}, {'duration': 0.12208324737126663}, {'duration': 0.656233103114946}, {'duration': 0.29326514196284015}], [{'duration': 0.48555472076075784}, {'duration': 0.5920600297183766}, {'duration': 0.4923743425132633}, {'duration': 0.24416649474253327}, {'duration': 0.7469181666555235}, {'duration': 0.2558746779013186}, {'duration': 0.7688397341104624}, {'duration': 0.3272006657589564}, {'duration': 0.6204658077217966}, {'duration': 0.3950879135058457}], [{'duration': 0.21623918878368364}, {'duration': 0.5720151212917041}, {'duration': 0.7099286349375366}, {'duration': 0.23107785953746957}, {'duration': 0.6434090962794353}, {'duration': 0.4736901336906204}, {'duration': 0.40711314384309355}, {'duration': 0.3702910951419967}, {'duration': 0.43018706008789276}, {'duration': 0.684663921311181}]]
PATTERN_DIRECTIONS:[True, True, True, True, True, True]
PATTERN_UNDIRECTED:False
