DATA:telco
TOTAL_TIME:81
TIME_UNIT_PRIMARY:1728000
TIME_UNIT_SECONDARY:172800
RANDOM_WALKS:1000
PROB_RESTART:0.1
MAX_PATTERN_EDGES:10
EVALUATION_RANDOM_WALKS:10
TEST_EVALUATION_POSITIVE:[0.25493684886258805, 0.26148791057210086, 0.23807390413798241, 0.25053256153141679, 0.25727579997419003, 0.25065765905020898, 0.2402677609831057, 0.26599266834707386, 0.2413949534140743, 0.25009929004156001]
TEST_EVALUATION_NEGATIVE:[0.21903682726737739, 0.25418053638852622, 0.19510021865715912, 0.2586129888026007, 0.026941965293698564, 0.21402271658329447, 0.085216279177122226, 0.25827044338671429, 0.25853222706338053, 0.22486067704131954]
PATTERN_EDGES:[(0, 1), (0, 1), (0, 1), (0, 1), (0, 1), (0, 1)]
PATTERN_SCORES:[8.9818769593190968, 6.0166209549137415, 6.6550851304848724, 3.7615736018287413, 3.7505933389286783, 1.6035173165998713]
PATTERN_TIMESTAMPS:[[142050.0, 195173.0, 292939.0, 303707.0, 190969.0, 224437.0, 220828.0, 217350.0], [801298.0, 699948.0, 995758.0, 805008.0, 913587.0, 1000386.0, 820561.0, 880842.0], [109230.0, 129145.0, 197424.0, 204078.0, 202758.0, 195076.0, 174577.0, 115531.0], [2109172.0, 2118247.0, 2037738.0, 1953638.0, 2111256.0, 2110148.0, 1934888.0, 2257435.0], [136438.0, 184254.0, 362324.0, 131165.0, 205111.0, 50682.0, 131861.0, 203566.0], [569030.0, 551132.0, 576233.0, 617332.0, 655743.0, 549880.0, 558427.0, 554270.0]]
PATTERN_ATTRIBUTES:[[{'duration': 0.29326514196284015}, {'duration': 0.41534838933410684}, {'duration': 0.4205179242419632}, {'duration': 0.43018706008789276}, {'duration': 0.5417561108056262}, {'duration': 0.32119244792168977}, {'duration': 0.3662497421137999}, {'duration': 0.4012631110299349}], [{'duration': 0.5000411726438518}, {'duration': 0.6285218675346336}, {'duration': 0.43018706008789276}, {'duration': 0.47828906420909145}, {'duration': 0.7511219761198789}, {'duration': 0.3741906166759286}, {'duration': 0.42301521946469534}, {'duration': 0.46040568352621686}], [{'duration': 0.3434919710628067}, {'duration': 0.2558746779013186}, {'duration': 0.4767771366594854}, {'duration': 0.3576974494443242}, {'duration': 0.37795792527258526}, {'duration': 0.19910920055042314}, {'duration': 0.4987995400543164}, {'duration': 0.41534838933410684}], [{'duration': 0.3148407214316908}, {'duration': 0.5272803961524233}, {'duration': 0.3885492652549168}, {'duration': 0.5171711608771123}, {'duration': 0.32119244792168977}, {'duration': 0.3081038127166261}, {'duration': 0.28502989647182697}, {'duration': 0.5095043307465239}], [{'duration': 0.46387862119398904}, {'duration': 0.3702910951419967}, {'duration': 0.3816016930442095}, {'duration': 0.5582785252964261}, {'duration': 0.49104348875420495}, {'duration': 0.6547087313285173}, {'duration': 0.41267054986260876}, {'duration': 0.41267054986260876}], [{'duration': 0.3576974494443242}, {'duration': 0.4179632149333911}, {'duration': 0.3383224361549503}, {'duration': 0.4655752184340733}, {'duration': 0.3918666746108473}, {'duration': 0.0}, {'duration': 0.3484316714302612}, {'duration': 0.5012690852555106}]]
PATTERN_DIRECTIONS:[True, True, True, True, True, True]
PATTERN_UNDIRECTED:False
