DATA:telco
TOTAL_TIME:221
TIME_UNIT_PRIMARY:864000
TIME_UNIT_SECONDARY:86400
RANDOM_WALKS:5000
PROB_RESTART:0.1
MAX_PATTERN_EDGES:10
EVALUATION_RANDOM_WALKS:10
TEST_EVALUATION_POSITIVE:[0.122997407733384, 0.19648895651195955, 0.27882662163896094, 0.28083420341638166, 0.27254318995456261, 0.26632748444113863, 0.28500312079144036, 0.16738953760661354, 0.26762777974095742, 0.20591735722110532]
TEST_EVALUATION_NEGATIVE:[0.26586989482413703, 0.24849211791092318, 0.080217038194453999, 4.8991852900321495e-14, 0.2618569754250708, 0.22599299316137852, 0.18006205629539407, 0.24022266612186471, 0.26008692574860409, 0.23973114110131655]
PATTERN_EDGES:[(0, 1), (0, 2), (0, 3), (0, 2)]
PATTERN_SCORES:[9.2308095259470022, 26.870776440168175, 28.374441670362266, 4.7392472400820491]
PATTERN_TIMESTAMPS:[[43322.0, 33852.0, 23793.0, 28294.0, 36868.0, 28675.0, 48204.0, 15399.0, 24959.0, 10375.0], [30992.0, 45763.0, 31575.0, 37534.0, 24683.0, 22463.0, 23191.0, 21188.0, 27839.0, 27573.0], [113211.0, 137585.0, 133446.0, 94670.0, 116309.0, 124839.0, 198728.0, 105011.0, 116574.0, 107843.0], [55486.0, 462477.0, 40171.0, 32120.0, 28769.0, 28599.0, 25347.0, 36493.0, 40019.0, 96591.0]]
PATTERN_ATTRIBUTES:[[{'duration': 0.47524435428000283}, {'duration': 0.555315017388248}, {'duration': 0.6671817142072285}, {'duration': 0.32119244792168977}, {'duration': 0.6837221787201052}, {'duration': 0.6440866896024702}, {'duration': 0.7993145324439588}, {'duration': 0.3620558496509835}, {'duration': 0.40422661893811296}, {'duration': 0.12208324737126663}], [{'duration': 0.5012690852555106}, {'duration': 0.3009319720934287}, {'duration': 0.3662497421137999}, {'duration': 0.4205179242419632}, {'duration': 0.43908180283014003}, {'duration': 0.19910920055042314}, {'duration': 0.24416649474253327}, {'duration': 0.28502989647182697}, {'duration': 0.28502989647182697}, {'duration': 0.6568370446051419}], [{'duration': 0.672538170876015}, {'duration': 0.4812525721172695}, {'duration': 0.3434919710628067}, {'duration': 0.5083645775688196}, {'duration': 0.3148407214316908}, {'duration': 0.3081038127166261}, {'duration': 0.4655752184340733}, {'duration': 0.4179632149333911}, {'duration': 0.42301521946469534}, {'duration': 0.588218290468789}], [{'duration': 0.45862764622336605}, {'duration': 0.29326514196284015}, {'duration': 0.3009319720934287}, {'duration': 0.7284637767888913}, {'duration': 0.4672463019647879}, {'duration': 0.35316110690873626}, {'duration': 0.48555472076075784}, {'duration': 0.43018706008789276}, {'duration': 0.4923743425132633}, {'duration': 0.3741906166759286}]]
PATTERN_DIRECTIONS:[True, True, True, True]
PATTERN_UNDIRECTED:False
