DATA:telco
TOTAL_TIME:176
TIME_UNIT_PRIMARY:864000
TIME_UNIT_SECONDARY:86400
RANDOM_WALKS:5000
PROB_RESTART:0.3
MAX_PATTERN_EDGES:10
EVALUATION_RANDOM_WALKS:10
TEST_EVALUATION_POSITIVE:[0.23680847537887578, 0.25636158567153716, 0.24422187987502764, 0.20298010986131865, 0.25385952585622396, 0.25463919801319262, 0.25166010733480515, 0.25245013077428191, 0.24594180978280494, 0.25078820718961858]
TEST_EVALUATION_NEGATIVE:[0.1068190778430689, 0.2436247971717502, 0.25568399999424563, 0.2599935611323671, 0.24587032018277574, 0.23352541205729105, 0.22108929384821047, 0.25909543307243554, 0.25024369223416315, 0.25948071082716867]
PATTERN_EDGES:[(0, 1), (0, 2), (0, 3), (0, 4), (0, 5), (0, 1), (0, 2)]
PATTERN_SCORES:[9.1264529709669304, 4.1092423564908556, 4.7541783164816129, 5.6698210258412711, 5.2312050582372045, 4.7144000261465324, 0.075836703408947104]
PATTERN_TIMESTAMPS:[[34263.0, 31235.0, 57970.0, 18459.0, 38376.0, 49859.0, 17606.0, 12645.0, 114130.0], [466396.0, 464163.0, 449677.0, 474282.0, 460539.0, 487178.0, 267660.0, 466642.0, 437880.0], [107373.0, 140927.0, 189741.0, 218448.0, 186273.0, 215392.0, 187893.0, 197584.0, 196330.0], [30942.0, 38124.0, 15621.0, 31241.0, 11932.0, 32318.0, 21392.0, 130772.0, 28631.0], [191828.0, 190028.0, 190588.0, 201879.0, 188272.0, 212097.0, 137852.0, 205211.0, 141340.0], [13685.0, 57475.0, 34467.0, 21042.0, 35326.0, 22115.0, 23109.0, 111726.0, 53346.0], [232073.0, 230603.0, 209557.0, 277874.0, 277188.0, 460040.0, 296926.0, 303389.0, 299412.0]]
PATTERN_ATTRIBUTES:[[{'duration': 0.43692396880295736}, {'duration': 0.5807108935946327}, {'duration': 0.3982184011008463}, {'duration': 0.48969650304176526}, {'duration': 0.4254576246094177}, {'duration': 0.4492839131302231}, {'duration': 0.5998706179035177}, {'duration': 0.41267054986260876}, {'duration': 0.4721138666850023}], [{'duration': 0.6023567386116172}, {'duration': 0.5036849404154762}, {'duration': 0.7007845932445815}, {'duration': 0.49498916811254756}, {'duration': 0.6874421900354897}, {'duration': 0.545098466835962}, {'duration': 0.23107785953746957}, {'duration': 0.6062223443935167}, {'duration': 0.2761351537295797}], [{'duration': 0.6023567386116172}, {'duration': 0.5060493904811185}, {'duration': 0.6793826917907737}, {'duration': 0.3662497421137999}, {'duration': 0.8072150639449541}, {'duration': 0.6660787278748194}, {'duration': 0.6632723928619519}, {'duration': 0.5012690852555106}, {'duration': 0.37795792527258526}], [{'duration': 0.73416374211041}, {'duration': 0.3816016930442095}, {'duration': 0.6113271022895295}, {'duration': 0.4099265842596317}, {'duration': 0.7082349109624566}, {'duration': 0.545098466835962}, {'duration': 0.4205179242419632}, {'duration': 0.4179632149333911}, {'duration': 0.5514959143554771}], [{'duration': 0.32119244792168977}, {'duration': 0.5192679204533642}, {'duration': 0.48555472076075784}, {'duration': 0.41534838933410684}, {'duration': 0.3702910951419967}, {'duration': 0.504873453997943}, {'duration': 0.5853905307479761}, {'duration': 0.4827052066673338}, {'duration': 0.46040568352621686}], [{'duration': 0.4827052066673338}, {'duration': 0.5568066499947473}, {'duration': 0.4568206964809943}, {'duration': 0.5795095309677308}, {'duration': 0.3851297658957826}, {'duration': 0.5660427907341524}, {'duration': 0.45862764622336605}, {'duration': 0.37795792527258526}, {'duration': 0.48555472076075784}], [{'duration': 0.3148407214316908}, {'duration': 0.4254576246094177}, {'duration': 0.26646601788365015}, {'duration': 0.3816016930442095}, {'duration': 0.7168082719722497}, {'duration': 0.48555472076075784}, {'duration': 0.37795792527258526}, {'duration': 0.6245668251598409}, {'duration': 0.3484316714302612}]]
PATTERN_DIRECTIONS:[True, True, True, True, True, True, True]
PATTERN_UNDIRECTED:False
