DATA:telco
TOTAL_TIME:53
TIME_UNIT_PRIMARY:1728000
TIME_UNIT_SECONDARY:172800
RANDOM_WALKS:1000
PROB_RESTART:0.1
MAX_PATTERN_EDGES:10
EVALUATION_RANDOM_WALKS:10
TEST_EVALUATION_POSITIVE:[0.027768162479977161, 0.21276409005794977, 0.26428719707172238, 0.25229201116380096, 0.26380020440459168, 0.00011821129891162746, 0.2679374708053987, 0.26769695488269873, 0.26020780017082207, 0.261174007633522]
TEST_EVALUATION_NEGATIVE:[0.26191638743900242, 0.27634980213117555, 0.24587810819032557, 0.25429258847332614, 0.23807032917581061, 0.26157755728933463, 0.16186490579188581, 0.23179098994769759, 0.26425187374743231, 0.2451823474116254]
PATTERN_EDGES:[(0, 1), (0, 3), (0, 3), (0, 4), (0, 2)]
PATTERN_SCORES:[4.7129213650472899, 4.2439222134614365, 3.7891776560397599, 3.75970272670394, 2.819671898663116]
PATTERN_TIMESTAMPS:[[64524.0, 9100.0, 49927.0, 102183.0, 13250.0, 205420.0, 171898.0], [534600.0, 636318.0, 814488.0, 561586.0, 653406.0, 727435.0, 635407.0], [270474.0, 223044.0, 187399.0, 210126.0, 112526.0, 124859.0, 212266.0], [710367.0, 734746.0, 701012.0, 789360.0, 715436.0, 727391.0, 745138.0], [119992.0, 190612.0, 186488.0, 123945.0, 31410.0, 215919.0, 187078.0]]
PATTERN_ATTRIBUTES:[[{'duration': 0.46040568352621686}, {'duration': 0.3272006657589564}, {'duration': 0.4568206964809943}, {'duration': 0.4324783775673673}, {'duration': 0.45862764622336605}, {'duration': 0.43692396880295736}, {'duration': 0.3484316714302612}], [{'duration': 0.47828906420909145}, {'duration': 0.2558746779013186}, {'duration': 0.7447550820927415}, {'duration': 0.4767771366594854}, {'duration': 0.4453147426058123}, {'duration': 0.33290063108047513}, {'duration': 0.32119244792168977}], [{'duration': 0.5560633364495592}, {'duration': 0.41534838933410684}, {'duration': 0.5117493558026373}, {'duration': 0.5310799102153745}, {'duration': 0.40422661893811296}, {'duration': 0.4324783775673673}, {'duration': 0.7055478207137902}], [{'duration': 0.32119244792168977}, {'duration': 0.5000411726438518}, {'duration': 0.3662497421137999}, {'duration': 0.5374316367053734}, {'duration': 0.3148407214316908}, {'duration': 0.3272006657589564}, {'duration': 0.42301521946469534}], [{'duration': 0.2558746779013186}, {'duration': 0.3576974494443242}, {'duration': 0.5036849404154762}, {'duration': 0.47051491880152785}, {'duration': 0.4432756952929564}, {'duration': 0.5233463584012015}, {'duration': 0.46215571907493913}]]
PATTERN_DIRECTIONS:[True, True, True, True, True]
PATTERN_UNDIRECTED:False
