DATA:telco
TOTAL_TIME:87
TIME_UNIT_PRIMARY:864000
TIME_UNIT_SECONDARY:172800
RANDOM_WALKS:1000
PROB_RESTART:0.1
MAX_PATTERN_EDGES:10
EVALUATION_RANDOM_WALKS:10
TEST_EVALUATION_POSITIVE:[0.22315727337753641, 0.25504829816704611, 0.13070393157278459, 0.20710658368585647, 0.21372929215407011, 0.2483417485679518, 0.24842137256430907, 0.26295181556752634, 0.24860770476345045, 0.26292550048462987]
TEST_EVALUATION_NEGATIVE:[0.24192404159958958, 0.26417653279989167, 0.24201666972714073, 0.25560332622376319, 0.17944248974887739, 0.1758467971313297, 0.25409042951767807, 0.26894979848754619, 0.26468829984650327, 0.23852450060321484]
PATTERN_EDGES:[(0, 1), (0, 2), (1, 0), (0, 3), (4, 0), (0, 2), (0, 5)]
PATTERN_SCORES:[5.4801277981987626, 8.5318855469710311, 7.1093243183684249, 6.3112347561625848, 4.4473793534098451, 4.9334618317224486, 4.0683253995745163]
PATTERN_TIMESTAMPS:[[52685.0, 40107.0, 29672.0, 40800.0, 129831.0, 25359.0, 12615.0, 38750.0, 21461.0], [54105.0, 45030.0, 57208.0, 214507.0, 118849.0, 142927.0, 21546.0, 19858.0, 26471.0], [18013.0, 20861.0, 24066.0, 39541.0, 40265.0, 37286.0, 31769.0, 29715.0, 28816.0], [225075.0, 109148.0, 38449.0, 43205.0, 137951.0, 128010.0, 16359.0, 115739.0, 212092.0], [191700.0, 462830.0, 304150.0, 304166.0, 473597.0, 196266.0, 381270.0, 122166.0, 197142.0], [200628.0, 192544.0, 285555.0, 215677.0, 137106.0, 120688.0, 368171.0, 138647.0, 144387.0], [1257503.0, 1260742.0, 1159387.0, 1241768.0, 1246319.0, 1080372.0, 1249539.0, 1155892.0, 1143417.0]]
PATTERN_ATTRIBUTES:[[{'duration': 0.43692396880295736}, {'duration': 0.3851297658957826}, {'duration': 0.12208324737126663}, {'duration': 0.3816016930442095}, {'duration': 0.24416649474253327}, {'duration': 0.5770671258230085}, {'duration': 0.19910920055042314}, {'duration': 0.07702595317915653}, {'duration': 0.24416649474253327}], [{'duration': 0.33290063108047513}, {'duration': 0.4205179242419632}, {'duration': 0.3702910951419967}, {'duration': 0.578903943852261}, {'duration': 0.2558746779013186}, {'duration': 0.5876584658053399}, {'duration': 0.3702910951419967}, {'duration': 0.21623918878368364}, {'duration': 0.45498387845174176}], [{'duration': 0.26646601788365015}, {'duration': 0.29326514196284015}, {'duration': 0.3009319720934287}, {'duration': 0.26646601788365015}, {'duration': 0.28502989647182697}, {'duration': 0.24416649474253327}, {'duration': 0.2558746779013186}, {'duration': 0.26646601788365015}, {'duration': 0.33290063108047513}], [{'duration': 0.35316110690873626}, {'duration': 0.5000411726438518}, {'duration': 0.4254576246094177}, {'duration': 0.4568206964809943}, {'duration': 0.3982184011008463}, {'duration': 0.4012631110299349}, {'duration': 0.46889262779000385}, {'duration': 0.4736901336906204}, {'duration': 0.42301521946469534}], [{'duration': 0.5128550859273622}, {'duration': 0.42784750081878653}, {'duration': 0.4936894461538529}, {'duration': 0.3148407214316908}, {'duration': 0.5203016484721129}, {'duration': 0.23107785953746957}, {'duration': 0.4936894461538529}, {'duration': 0.4672463019647879}, {'duration': 0.42301521946469534}], [{'duration': 0.5024835777885743}, {'duration': 0.3576974494443242}, {'duration': 0.6550152831385669}, {'duration': 0.4736901336906204}, {'duration': 0.43018706008789276}, {'duration': 0.1788487247221621}, {'duration': 0.2558746779013186}, {'duration': 0.45311618808983584}, {'duration': 0.3851297658957826}], [{'duration': 0.26646601788365015}, {'duration': 0.3484316714302612}, {'duration': 0.5095043307465239}, {'duration': 0.4453147426058123}, {'duration': 0.3383224361549503}, {'duration': 0.23107785953746957}, {'duration': 0.5931337091884531}, {'duration': 0.3620558496509835}, {'duration': 0.3272006657589564}]]
PATTERN_DIRECTIONS:[True, True, False, True, False, True, True]
PATTERN_UNDIRECTED:False
