DATA:telco
TOTAL_TIME:81
TIME_UNIT_PRIMARY:864000
TIME_UNIT_SECONDARY:172800
RANDOM_WALKS:1000
PROB_RESTART:0.1
MAX_PATTERN_EDGES:10
EVALUATION_RANDOM_WALKS:10
TEST_EVALUATION_POSITIVE:[0.1483594384466044, 0.25861948324098399, 0.20901007637406047, 0.27547675025540463, 0.23750282799721112, 0.26208961876716963, 0.2574556767313414, 0.25590926376505763, 0.25505237577748269, 0.26821367814519376]
TEST_EVALUATION_NEGATIVE:[0.26208972781480816, 0.26930800535200017, 0.19352593256772604, 0.26426756293700843, 0.24723612866110281, 0.0031204644050424873, 0.014740912316472237, 1.6146960061119265e-05, 0.26847971225793654, 0.27731450389198004]
PATTERN_EDGES:[(0, 1), (0, 2), (2, 0)]
PATTERN_SCORES:[29.959979201722458, 11.02516219678386, 1.5443393252715962]
PATTERN_TIMESTAMPS:[[100212.0, 125880.0, 126743.0, 125792.0, 205408.0, 96525.0, 194148.0, 214719.0, 110002.0, 125297.0], [913162.0, 809096.0, 900568.0, 907162.0, 884389.0, 913893.0, 893298.0, 910371.0, 981452.0, 892650.0], [816351.0, 923893.0, 804346.0, 958968.0, 979126.0, 913933.0, 907508.0, 918641.0, 789281.0, 656808.0]]
PATTERN_ATTRIBUTES:[[{'duration': 0.3434919710628067}, {'duration': 0.3620558496509835}, {'duration': 0.5223406957849688}, {'duration': 0.3982184011008463}, {'duration': 0.2558746779013186}, {'duration': 0.5036849404154762}, {'duration': 0.4012631110299349}, {'duration': 0.12208324737126663}, {'duration': 0.5568066499947473}, {'duration': 0.48555472076075784}], [{'duration': 0.6440866896024702}, {'duration': 0.6047884540386004}, {'duration': 0.6113271022895295}, {'duration': 0.32119244792168977}, {'duration': 0.4205179242419632}, {'duration': 0.3885492652549168}, {'duration': 0.48969650304176526}, {'duration': 0.4923743425132633}, {'duration': 0.5233463584012015}, {'duration': 0.5582785252964261}], [{'duration': 0.3950879135058457}, {'duration': 0.3081038127166261}, {'duration': 0.4721138666850023}, {'duration': 0.2558746779013186}, {'duration': 0.8364660180033318}, {'duration': 0.24416649474253327}, {'duration': 0.2558746779013186}, {'duration': 0.23107785953746957}, {'duration': 0.43908180283014003}, {'duration': 0.8570450177635311}]]
PATTERN_DIRECTIONS:[True, True, False]
PATTERN_UNDIRECTED:False
