DATA:telco
TOTAL_TIME:80
TIME_UNIT_PRIMARY:864000
TIME_UNIT_SECONDARY:172800
RANDOM_WALKS:1000
PROB_RESTART:0.1
MAX_PATTERN_EDGES:10
EVALUATION_RANDOM_WALKS:10
TEST_EVALUATION_POSITIVE:[0.25782375023285653, 0.26905140160912155, 0.247729436290647, 0.2799177097184059, 0.27004878844943647, 0.26450058587847802, 0.0, 0.16806236045007311, 0.25799329721095354, 0.2619075635014928]
TEST_EVALUATION_NEGATIVE:[0.1286546596551916, 0.27292415965530303, 0.2418486790442741, 8.9285558616781573e-09, 0.24572716235648523, 0.26104740649944935, 0.037363079143301753, 0.26192042256342785, 5.4436281366509675e-07, 0.27205840116647079]
PATTERN_EDGES:[(0, 1), (0, 2), (0, 1), (0, 4), (0, 1)]
PATTERN_SCORES:[10.921144403366327, 0.023810712691085367, 0.70032805248099139, 1.7688173342316642, 0.95857108822527093]
PATTERN_TIMESTAMPS:[[28448.0, 124894.0, 36300.0, 24063.0, 130209.0, 39682.0, 21709.0, 12589.0], [15394.0, 130962.0, 98397.0, 120491.0, 46541.0, 131919.0, 28024.0, 132236.0], [15277.0, 116401.0, 132273.0, 40935.0, 298752.0, 26457.0, 45681.0, 53912.0], [639999.0, 539721.0, 391272.0, 365833.0, 384803.0, 186787.0, 377834.0, 545461.0], [190315.0, 134540.0, 273533.0, 26414.0, 101505.0, 141660.0, 459462.0, 92474.0]]
PATTERN_ATTRIBUTES:[[{'duration': 0.4721138666850023}, {'duration': 0.3982184011008463}, {'duration': 0.24416649474253327}, {'duration': 0.46040568352621686}, {'duration': 0.5499307481900532}, {'duration': 0.6919236424930679}, {'duration': 0.6308290430177985}, {'duration': 0.5338466496601509}], [{'duration': 0.7023951281110883}, {'duration': 0.3620558496509835}, {'duration': 0.47524435428000283}, {'duration': 0.5483432217527752}, {'duration': 0.3272006657589564}, {'duration': 0.28502989647182697}, {'duration': 0.4812525721172695}, {'duration': 0.3702910951419967}], [{'duration': 0.6356694212031565}, {'duration': 0.46889262779000385}, {'duration': 0.5000411726438518}, {'duration': 0.3702910951419967}, {'duration': 0.41267054986260876}, {'duration': 0.3484316714302612}, {'duration': 0.45498387845174176}, {'duration': 0.4512165698550851}], [{'duration': 0.5213258489081687}, {'duration': 0.6839583636350969}, {'duration': 0.26646601788365015}, {'duration': 0.19910920055042314}, {'duration': 0.12208324737126663}, {'duration': 0.5707153993330094}, {'duration': 0.21623918878368364}, {'duration': 0.3148407214316908}], [{'duration': 0.5467326868862684}, {'duration': 0.5012690852555106}, {'duration': 0.7011894205071308}, {'duration': 0.4987995400543164}, {'duration': 0.6204658077217966}, {'duration': 0.5707153993330094}, {'duration': 0.7503457799908338}, {'duration': 0.3950879135058457}]]
PATTERN_DIRECTIONS:[True, True, True, True, True]
PATTERN_UNDIRECTED:False
