DATA:telco
TOTAL_TIME:68
TIME_UNIT_PRIMARY:864000
TIME_UNIT_SECONDARY:86400
RANDOM_WALKS:1000
PROB_RESTART:0.1
MAX_PATTERN_EDGES:10
EVALUATION_RANDOM_WALKS:10
TEST_EVALUATION_POSITIVE:[0.26912465025067611, 0.24629080016504887, 0.26958459918891736, 0.25232280812769375, 0.26316930888208934, 0.26673284759180349, 0.26903970629209573, 0.25799373980248774, 0.23128567831464322, 0.26845488588416055]
TEST_EVALUATION_NEGATIVE:[0.2613426611233593, 0.26213114720931746, 0.22771319733681539, 0.25373444316671417, 0.26843776425211996, 0.27272667188736799, 0.27844883264923459, 0.24692222270585162, 0.23802068842477211, 0.26834952729297779]
PATTERN_EDGES:[(0, 1), (0, 2), (0, 3), (2, 0), (0, 4)]
PATTERN_SCORES:[5.3321177424899613, 4.71638368318823, 0.32631874011890027, 2.1723353748935814, 2.9351414791993808]
PATTERN_TIMESTAMPS:[[104801.0, 209688.0, 113212.0, 27397.0, 103006.0, 135536.0, 48458.0, 29641.0, 134702.0, 93197.0], [177901.0, 122757.0, 120189.0, 201525.0, 116727.0, 134383.0, 183944.0, 223666.0, 215265.0, 216056.0], [196363.0, 276302.0, 201521.0, 283379.0, 224753.0, 282169.0, 133470.0, 284329.0, 276751.0, 277670.0], [224849.0, 120361.0, 143357.0, 35114.0, 149862.0, 125128.0, 109539.0, 117118.0, 118825.0, 178136.0], [131921.0, 192099.0, 118952.0, 185125.0, 111786.0, 201384.0, 112806.0, 113744.0, 194967.0, 212882.0]]
PATTERN_ATTRIBUTES:[[{'duration': 0.2558746779013186}, {'duration': 0.3918666746108473}, {'duration': 0.37795792527258526}, {'duration': 0.6500059861253408}, {'duration': 0.621298208323101}, {'duration': 0.5998706179035177}, {'duration': 0.4936894461538529}, {'duration': 0.47051491880152785}, {'duration': 0.29326514196284015}, {'duration': 0.4923743425132633}], [{'duration': 0.5426011716132298}, {'duration': 0.6646844189844965}, {'duration': 0.40711314384309355}, {'duration': 0.6285218675346336}, {'duration': 0.6618421934465252}, {'duration': 0.5391816722540956}, {'duration': 0.5095043307465239}, {'duration': 0.5272803961524233}, {'duration': 0.5739366382280079}, {'duration': 0.45862764622336605}], [{'duration': 0.12208324737126663}, {'duration': 0.48555472076075784}, {'duration': 0.49498916811254756}, {'duration': 0.3816016930442095}, {'duration': 0.1788487247221621}, {'duration': 0.33290063108047513}, {'duration': 0.7437953293968773}, {'duration': 0.45498387845174176}, {'duration': 0.5282425230342417}, {'duration': 0.4492839131302231}], [{'duration': 0.583075343660275}, {'duration': 0.6712230672354255}, {'duration': 0.3851297658957826}, {'duration': 0.5171711608771123}, {'duration': 0.23107785953746957}, {'duration': 0.5365461741664863}, {'duration': 0.3918666746108473}, {'duration': 0.3885492652549168}, {'duration': 0.5272803961524233}, {'duration': 0.5545616249386339}], [{'duration': 0.46387862119398904}, {'duration': 0.4923743425132633}, {'duration': 0.4672463019647879}, {'duration': 0.3576974494443242}, {'duration': 0.3741906166759286}, {'duration': 0.33290063108047513}, {'duration': 0.3702910951419967}, {'duration': 0.4205179242419632}, {'duration': 0.2761351537295797}, {'duration': 0.441198532747118}]]
PATTERN_DIRECTIONS:[True, True, True, False, True]
PATTERN_UNDIRECTED:False
