DATA:telco
TOTAL_TIME:277
TIME_UNIT_PRIMARY:864000
TIME_UNIT_SECONDARY:86400
RANDOM_WALKS:5000
PROB_RESTART:0.1
MAX_PATTERN_EDGES:10
EVALUATION_RANDOM_WALKS:10
TEST_EVALUATION_POSITIVE:[0.2861127466581781, 0.30128221646696807, 0.013488575697370244, 0.2803044941074464, 0.29823349213122763, 0.27693957667499297, 0.29158344580475082, 0.29501596025580645, 0.29127332204964462, 0.30005194271428548]
TEST_EVALUATION_NEGATIVE:[0.28629453165603691, 0.29773974714128348, 0.23024738820175336, 0.22149777263062417, 0.29341987062886271, 0.22883708983895601, 0.29200882298576963, 0.21719444162669005, 0.27698482351059528, 0.28674800309742254]
PATTERN_EDGES:[(0, 1)]
PATTERN_SCORES:[40.115698326803312]
PATTERN_TIMESTAMPS:[[551910.0, 520269.0, 561408.0, 573737.0, 552941.0, 549716.0, 571458.0, 532720.0]]
PATTERN_ATTRIBUTES:[[{'duration': 0.49627386404719526}, {'duration': 0.35316110690873626}, {'duration': 0.12208324737126663}, {'duration': 0.15405190635831306}, {'duration': 0.5870958065745516}, {'duration': 0.3009319720934287}, {'duration': 0.46215571907493913}, {'duration': 0.5000411726438518}]]
PATTERN_DIRECTIONS:[True]
PATTERN_UNDIRECTED:False
