DATA:telco
TOTAL_TIME:89
TIME_UNIT_PRIMARY:864000
TIME_UNIT_SECONDARY:172800
RANDOM_WALKS:1000
PROB_RESTART:0.1
MAX_PATTERN_EDGES:10
EVALUATION_RANDOM_WALKS:10
TEST_EVALUATION_POSITIVE:[0.19389161539573224, 0.26459370451555636, 0.27365707763867264, 0.17256000232385912, 0.24712759976560822, 0.25639845932509309, 0.26063693665427212, 0.25179141729475113, 0.24264718300462274, 0.26184360289369957]
TEST_EVALUATION_NEGATIVE:[0.24412028153578724, 0.2515486526226538, 0.2003825280012832, 0.13661190227237419, 2.4064536114934087e-06, 0.1477228421409621, 0.062935340739641382, 0.23117170161016293, 0.24784264189386535, 0.030910689855986995]
PATTERN_EDGES:[(0, 1), (1, 0), (0, 1), (1, 0), (0, 3)]
PATTERN_SCORES:[9.8959151622982162, 6.5482259707288524, 5.800386286088516, 4.6238052782237622, 5.8246641514606097]
PATTERN_TIMESTAMPS:[[107829.0, 201340.0, 27485.0, 82572.0, 28586.0, 108109.0, 42389.0, 21618.0], [45608.0, 18394.0, 14409.0, 30681.0, 15330.0, 25147.0, 28390.0, 208345.0], [124313.0, 36779.0, 30687.0, 13340.0, 34893.0, 30272.0, 20897.0, 98716.0], [557344.0, 553002.0, 545497.0, 442858.0, 367584.0, 360536.0, 534186.0, 539893.0], [725566.0, 746909.0, 639333.0, 563455.0, 729732.0, 582195.0, 646618.0, 629003.0]]
PATTERN_ATTRIBUTES:[[{'duration': 0.4987995400543164}, {'duration': 0.4672463019647879}, {'duration': 0.5530393413980907}, {'duration': 0.588218290468789}, {'duration': 0.5282425230342417}, {'duration': 0.6308290430177985}, {'duration': 0.28502989647182697}, {'duration': 0.7312732653229037}], [{'duration': 0.35316110690873626}, {'duration': 0.40711314384309355}, {'duration': 0.43018706008789276}, {'duration': 0.6117797504130319}, {'duration': 0.44731704832115327}, {'duration': 0.8500717919575875}, {'duration': 0.46040568352621686}, {'duration': 0.47828906420909145}], [{'duration': 0.559007216174224}, {'duration': 0.3816016930442095}, {'duration': 0.12208324737126663}, {'duration': 0.5936666836426066}, {'duration': 0.5253307854324606}, {'duration': 0.3576974494443242}, {'duration': 0.07702595317915653}, {'duration': 0.6334615679020882}], [{'duration': 0.5192679204533642}, {'duration': 0.4672463019647879}, {'duration': 0.44731704832115327}, {'duration': 0.0}, {'duration': 0.5545616249386339}, {'duration': 0.5824889308974835}, {'duration': 0.6122305622307834}, {'duration': 0.43018706008789276}], [{'duration': 0.43908180283014003}, {'duration': 0.73431380960205}, {'duration': 0.3702910951419967}, {'duration': 0.21623918878368364}, {'duration': 0.4324783775673673}, {'duration': 0.32119244792168977}, {'duration': 0.7871411959870288}, {'duration': 0.441198532747118}]]
PATTERN_DIRECTIONS:[True, False, True, False, True]
PATTERN_UNDIRECTED:False
