DATA:dblp
TOTAL_TIME:30
TIME_UNIT_PRIMARY:1.0
TIME_UNIT_SECONDARY:1.0
RANDOM_WALKS:1000
PROB_RESTART:0.1
MAX_PATTERN_EDGES:10
EVALUATION_RANDOM_WALKS:10
TEST_EVALUATION_POSITIVE:[0.40757656854799801, 0.0, 0.87727272727272732, 0.0, 0.15780467900057654, 0.37727272727272726, 0.73616433838911688, 0.39591385651779487, 1.4292089982831575e-05, 0.68996944075651356, 0.91165098155880331, 0.50256007246789414, 0.4894537339663188, 0.37727272727272726, 0.52819134939922618, 0.44607948037162598, 0.083539820072461787, 0.43068242641099852, 0.19962141486427226, 0.0, 0.29025556949331988, 0.36664531939701472, 0.41049278242158749, 0.38447071068499755, 0.094963351913885857, 0.30263237686080541, 0.3196911350572621, 0.71363636363636362, 0.38905004997931758, 0.012672287488265882]
TEST_EVALUATION_NEGATIVE:[0.19794412245669618, 0.090909090909090912, 0.47493114497296496, 0.27652674945803463, 0.090909090909090912, 0.089680879102986069, 0.18341935312337965, 0.423571273761015, 0.22613697186554399, 0.27833456745691765, 0.087224455490776356, 0.0052824728108997873, 0.19470856763985284, 0.089680879102986069, 0.10871232395518134, 0.17936175820597214, 0.0, 0.29304028734907689, 0.047484952238903491, 0.084768031878566658, 0.0, 0.0, 0.0, 0.19143756991355548, 0.12891480344248268, 0.0, 0.18058997001207699, 0.0, 0.17813354639986728, 0.0]
PATTERN_EDGES:[(1, 2), (0, 3), (4, 3)]
PATTERN_SCORES:[110.61662092615479, 62.117401619978168, 18.225656483871362]
PATTERN_TIMESTAMPS:[[0.0, 1.0, 2.0, 0.0, 1.0, 0.0, 1.0, 0.0, 1.0, 0.0], [0.0, 0.0, 0.0, 1.0, 0.0, 0.0, 0.0, 0.0, 0.0, 0.0], [0.0, 0.0, 0.0, 0.0, 0.0, 0.0, 0.0, 0.0, 0.0, 1.0]]
PATTERN_ATTRIBUTES:[[{'label': 'icml'}, {'label': 'nips'}, {'label': 'nips'}, {'label': 'nips'}, {'label': 'nips'}, {'label': 'icml'}, {'label': 'icml'}, {'label': 'nips'}, {'label': 'nips'}, {'label': 'icml'}], [{'label': 'icml'}, {'label': 'nips'}, {'label': 'icml'}, {'label': 'cvpr'}, {'label': 'nips'}, {'label': 'nips'}, {'label': 'nips'}, {'label': 'nips'}, {'label': 'nips'}, {'label': 'nips'}], [{'label': 'icml'}, {'label': 'nips'}, {'label': 'icml'}, {'label': 'nips'}, {'label': 'nips'}, {'label': 'nips'}, {'label': 'nips'}, {'label': 'nips'}, {'label': 'icml'}, {'label': 'cvpr'}]]
PATTERN_DIRECTIONS:[True, True, True]
PATTERN_UNDIRECTED:True
