DATA:dblp
TOTAL_TIME:40
TIME_UNIT_PRIMARY:2.0
TIME_UNIT_SECONDARY:1.0
RANDOM_WALKS:1000
PROB_RESTART:0.1
MAX_PATTERN_EDGES:10
EVALUATION_RANDOM_WALKS:10
TEST_EVALUATION_POSITIVE:[0.1108020330780071, 0.27626203407397659, 0.36117994002415382, 0.26583289630924178, 0.65756079508906928, 0.089271475167617756, 0.2460750999852315, 0.47900915342145811, 0.14110065437253549, 0.56016078954442916, 0.76491180667961423, 0.2408631875577342, 0.42569462065059294, 0.22996186726890061, 0.57196639571320174, 0.44545454545454544, 0.29495057624581555, 0.38655519982708086, 0.6113715034875985, 0.6615518548887781, 0.47087241048022183, 0.09468160172416111, 0.0, 0.44545454545454544, 0.0, 0.084588274443733083, 0.11572539456960845, 0.14841304966213323, 0.47272727272727272, 0.21987325120830578]
TEST_EVALUATION_NEGATIVE:[0.40952785330281277, 0.16355880275498424, 0.19647605042898281, 0.081083396460252102, 0.065844374475991396, 0.17686746016612567, 0.11132933727353668, 0.0, 0.2077941266076927, 0.0, 0.0, 0.19705812849100571, 0.08868231379741591, 0.16894690238693144, 0.16355880275498424, 0.0, 0.17574600501888596, 0.28236927843532023, 0.089271475167617756, 0.16296964138478245, 0.11818181818181817, 0.083539820072461787, 0.080513926050660697, 0.38644008166229471, 0.04126493468572482, 0.090909090909090884, 0.0, 0.20606431727402483, 0.18409095590060465, 0.15149220036319863]
PATTERN_EDGES:[(0, 2), (1, 2)]
PATTERN_SCORES:[55.48806868818626, 76.360798130868346]
PATTERN_TIMESTAMPS:[[2.0, 0.0, 4.0, 1.0, 1.0, 0.0, 1.0, 1.0, 2.0, 0.0, 1.0, 1.0, 0.0, 2.0, 0.0], [0.0, 0.0, 0.0, 0.0, 0.0, 0.0, 0.0, 0.0, 0.0, 1.0, 1.0, 0.0, 0.0, 0.0, 3.0]]
PATTERN_ATTRIBUTES:[[{'label': 'icml'}, {'label': 'icml'}, {'label': 'pkdd'}, {'label': 'icml'}, {'label': 'nips'}, {'label': 'nips'}, {'label': 'nips'}, {'label': 'icml'}, {'label': 'nips'}, {'label': 'icml'}, {'label': 'ecml'}, {'label': 'ecml'}, {'label': 'nips'}, {'label': 'icml'}, {'label': 'nips'}], [{'label': 'nips'}, {'label': 'nips'}, {'label': 'cvpr'}, {'label': 'nips'}, {'label': 'nips'}, {'label': 'nips'}, {'label': 'nips'}, {'label': 'nips'}, {'label': 'nips'}, {'label': 'icml'}, {'label': 'icml'}, {'label': 'nips'}, {'label': 'nips'}, {'label': 'kdd'}, {'label': 'nips'}]]
PATTERN_DIRECTIONS:[True, True]
PATTERN_UNDIRECTED:True
