DATA:dblp
TOTAL_TIME:99
TIME_UNIT_PRIMARY:1.0
TIME_UNIT_SECONDARY:0.5
RANDOM_WALKS:5000
PROB_RESTART:0.1
MAX_PATTERN_EDGES:10
EVALUATION_RANDOM_WALKS:10
TEST_EVALUATION_POSITIVE:[0.10816258141502602, 0.15251955891343655, 0.65966180799340757, 0.60227253507601042, 0.42775756184134672, 0.0022316699318115289, 0.65823960483055943, 0.49578646908194635, 0.62414869573965026, 0.0, 0.49621212121212122, 0.27601265952093379, 0.18046842042057909, 0.30732305298361379, 0.29874012444492332, 0.48500158798642018, 0.68483140401303688, 0.34659090909090906, 0.52980073050552934, 0.50092775973095893, 0.2545535866742723, 0.39308808967904424, 0.0, 0.094445819798219241, 0.60741382572502312, 0.0, 0.62457434786982502, 0.15871040546483467, 0.0, 0.087810464536996313]
TEST_EVALUATION_NEGATIVE:[0.064425268976889521, 0.074198024907601773, 0.15604815113817561, 0.59477342516757892, 0.16233388209102562, 0.13728263958468195, 0.15676693931183816, 0.0, 0.090607840689677921, 0.00035461108091153193, 0.3925857898815433, 0.090909090909090912, 0.26696442862317182, 0.11564517843293373, 0.15048120835898815, 0.17625123903899431, 0.07838346965591908, 0.15676693931183816, 0.070033055487137841, 0.15955041070143189, 0.0, 0.093807341602956951, 0.17346776764940058, 0.14563305375346319, 0.17625123903899431, 0.29502870112765378, 0.10379250470089624, 0.15955041070143189, 0.21034214812990343, 0.0]
PATTERN_EDGES:[(0, 2), (1, 3), (1, 2)]
PATTERN_SCORES:[195.11952195026805, 170.29431097657059, 87.197953693045491]
PATTERN_TIMESTAMPS:[[0.0, 0.0, 0.0, 1.0, 1.0, 0.0, 0.0, 1.0], [0.0, 0.0, 2.0, 0.0, 0.0, 0.0, 0.0, 1.0], [1.0, 0.0, 1.0, 0.0, 1.0, 0.0, 0.0, 0.0]]
PATTERN_ATTRIBUTES:[[{'label': 'icml'}, {'label': 'pkdd'}, {'label': 'nips'}, {'label': 'ecml'}, {'label': 'nips'}, {'label': 'icml'}, {'label': 'pkdd'}, {'label': 'icml'}], [{'label': 'icml'}, {'label': 'icml'}, {'label': 'icml'}, {'label': 'icml'}, {'label': 'icml'}, {'label': 'icml'}, {'label': 'cvpr'}, {'label': 'icml'}], [{'label': 'icml'}, {'label': 'nips'}, {'label': 'nips'}, {'label': 'icml'}, {'label': 'nips'}, {'label': 'pkdd'}, {'label': 'icml'}, {'label': 'nips'}]]
PATTERN_DIRECTIONS:[True, True, True]
PATTERN_UNDIRECTED:True
