DATA:dblp
TOTAL_TIME:41
TIME_UNIT_PRIMARY:1.0
TIME_UNIT_SECONDARY:1.0
RANDOM_WALKS:1000
PROB_RESTART:0.1
MAX_PATTERN_EDGES:10
EVALUATION_RANDOM_WALKS:10
TEST_EVALUATION_POSITIVE:[0.47989502362050707, 0.33659850844846884, 0.31229001282969587, 0.59301504490393553, 0.13363427679451448, 0.090558810731566797, 0.4868517095111945, 0.15587077079118564, 0.1752243903328051, 0.48417250107777832, 0.40181061687194031, 0.0, 0.2433557706432507, 0.50202300907328268, 0.45260752032232215, 0.36481072406052589, 0.084085691986286168, 0.094198029051629717, 0.33585933968494547, 0.046914985516046614, 0.0, 0.065212108423471526, 6.2685630786483838e-05, 0.0, 0.021002963558091999, 0.36363636363636359, 0.54346646009570732, 0.1025023822529368, 0.51960954655063984, 0.40909090909090906]
TEST_EVALUATION_NEGATIVE:[0.0, 0.12386507102070045, 0.18037909720818229, 0.16804630629440501, 0.21504877570925368, 0.1956839394349856, 0.0, 0.23885498912910963, 0.10589976418403345, 0.10974018061917817, 0.19887019230027148, 0.227668439945722, 0.15215947560506068, 0.0, 0.2245246809331635, 0.12621168642226449, 0.0, 0.0, 0.23340729947832939, 0.17453788959921307, 0.13691888763236795, 0.4058069818536576, 0.17030155209224901, 0.0, 0.20023487208483248, 0.0, 0.065212108423471526, 0.086358158259244075, 0.28606798802323741, 0.12621168642226449]
PATTERN_EDGES:[(0, 2), (1, 3)]
PATTERN_SCORES:[61.791495225354339, 10.982436379191043]
PATTERN_TIMESTAMPS:[[0.0, 1.0, 0.0, 0.0, 1.0, 0.0, 0.0, 0.0, 0.0], [1.0, 1.0, 1.0, 2.0, 3.0, 3.0, 2.0, 1.0, 0.0]]
PATTERN_ATTRIBUTES:[[{'label': 'icml'}, {'label': 'kdd'}, {'label': 'icml'}, {'label': 'icml'}, {'label': 'icml'}, {'label': 'icml'}, {'label': 'icml'}, {'label': 'nips'}, {'label': 'cikm'}], [{'label': 'icml'}, {'label': 'cikm'}, {'label': 'icml'}, {'label': 'icml'}, {'label': 'icml'}, {'label': 'icml'}, {'label': 'icml'}, {'label': 'kdd'}, {'label': 'cikm'}]]
PATTERN_DIRECTIONS:[True, True]
PATTERN_UNDIRECTED:True
