DATA:dblp
TOTAL_TIME:28
TIME_UNIT_PRIMARY:1.0
TIME_UNIT_SECONDARY:0.5
RANDOM_WALKS:1000
PROB_RESTART:0.1
MAX_PATTERN_EDGES:10
EVALUATION_RANDOM_WALKS:10
TEST_EVALUATION_POSITIVE:[0.0, 0.0, 0.19350300803706386, 0.31082948265751537, 0.71391206460267731, 0.31082948265751537, 0.0, 0.0, 0.0, 0.0, 0.0, 0.83636363636363631, 0.45831796536052472, 0.0, 0.31082948265751537, 0.0, 0.71391206460267731, 0.067738119019551984, 0.36054458871482625, 0.34100099123119537, 0.31082948265751537, 0.68404480517248334, 0.48095303025094599, 0.14719311902115179, 0.0, 0.0, 0.52967953830258707, 0.83636363636363631, 0.14719311902115179, 0.0]
TEST_EVALUATION_NEGATIVE:[0.0, 0.0, 0.0, 0.18181818181818177, 0.0010786536374286268, 0.1298414011401732, 0.0, 0.11946842269128198, 0.11946842269128198, 0.11946842269128198, 0.0, 0.52967953830258707, 0.14719311902115179, 0.14719311902115179, 0.18181818181818177, 0.14719311902115179, 0.0, 0.16400396492478186, 0.11946842269128198, 0.0, 0.16400396492478186, 0.18181818181818177, 0.0, 0.16400396492478186, 0.19350300803706386, 0.21131722493046382, 0.0, 0.18181818181818177, 0.0, 0.067738119019551984]
PATTERN_EDGES:[(0, 2)]
PATTERN_SCORES:[94.527509461537306]
PATTERN_TIMESTAMPS:[[0.0, 2.0, 0.0, 0.0, 0.0, 1.0, 0.0, 2.0, 0.0, 0.0, 2.0, 0.0, 0.0, 0.0, 0.0]]
PATTERN_ATTRIBUTES:[[{'label': 'icml'}, {'label': 'icml'}, {'label': 'icml'}, {'label': 'nips'}, {'label': 'nips'}, {'label': 'cvpr'}, {'label': 'icml'}, {'label': 'icml'}, {'label': 'cvpr'}, {'label': 'icml'}, {'label': 'iccv'}, {'label': 'icml'}, {'label': 'nips'}, {'label': 'icml'}, {'label': 'icml'}]]
PATTERN_DIRECTIONS:[True]
PATTERN_UNDIRECTED:True
