DATA:dblp
TOTAL_TIME:26
TIME_UNIT_PRIMARY:1.0
TIME_UNIT_SECONDARY:1.0
RANDOM_WALKS:1000
PROB_RESTART:0.1
MAX_PATTERN_EDGES:10
EVALUATION_RANDOM_WALKS:10
TEST_EVALUATION_POSITIVE:[0.12121212121212122, 0.22522825726937773, 0.12647032595978017, 0.56168889095419761, 0.61913022782239602, 0.11653321909362653, 0.33982799835861188, 0.49385060150260623, 0.1369978557263932, 0.63297016682453699, 0.0, 0.041902729115521266, 0.21687806611342353, 0.063854390284775922, 0.39557105480768706, 0.15548359857203417, 0.20099830647790684, 0.37262819683633458, 0.32208498176397876, 0.034958066842283995, 0.30148924554876039, 0.23313092911734504, 0.10079192757984172, 0.46816823436225413, 0.098801809907653734, 0.25632110727225321, 0.22237489416266226, 0.25983028386112417, 0.52876197282148785, 0.36507222071336909]
TEST_EVALUATION_NEGATIVE:[0.10834514038626085, 0.23522143940089599, 0.47869221082961644, 0.28999531504849912, 0.30299403574110767, 0.20188082506356872, 0.17041335790435103, 0.091274286642812272, 0.0, 0.2895969961214539, 0.14381646651325158, 0.0, 0.1848845412317083, 0.16396763699212966, 0.17207850134380814, 0.22382518836074894, 0.12647032595978017, 0.20665249030287228, 0.044573611983227561, 0.084722117498269495, 0.11770294462325019, 0.20314331371400127, 0.26023430051613156, 0.11770294462325019, 0.43135192701139563, 0.0, 0.11653321909362653, 0.12838675655054041, 0.16892765526504938, 0.12004239568249754]
PATTERN_EDGES:[(0, 2), (1, 3), (0, 4), (1, 2)]
PATTERN_SCORES:[74.182611762248442, 29.104966459506336, 25.294722425588734, 24.427445335025094]
PATTERN_TIMESTAMPS:[[1.0, 0.0, 1.0, 1.0, 1.0, 1.0, 0.0], [1.0, 0.0, 0.0, 1.0, 0.0, 0.0, 0.0], [1.0, 1.0, 1.0, 1.0, 1.0, 1.0, 0.0], [0.0, 0.0, 1.0, 0.0, 1.0, 0.0, 0.0]]
PATTERN_ATTRIBUTES:[[{'label': 'nips'}, {'label': 'pkdd'}, {'label': 'cvpr'}, {'label': 'nips'}, {'label': 'nips'}, {'label': 'icml'}, {'label': 'pkdd'}], [{'label': 'icml'}, {'label': 'icml'}, {'label': 'icml'}, {'label': 'icml'}, {'label': 'icml'}, {'label': 'icml'}, {'label': 'nips'}], [{'label': 'nips'}, {'label': 'cvpr'}, {'label': 'cvpr'}, {'label': 'nips'}, {'label': 'nips'}, {'label': 'nips'}, {'label': 'pkdd'}], [{'label': 'kdd'}, {'label': 'icml'}, {'label': 'nips'}, {'label': 'icml'}, {'label': 'icml'}, {'label': 'nips'}, {'label': 'nips'}]]
PATTERN_DIRECTIONS:[True, True, True, True]
PATTERN_UNDIRECTED:True
