DATA:dblp
TOTAL_TIME:74
TIME_UNIT_PRIMARY:1.0
TIME_UNIT_SECONDARY:0.5
RANDOM_WALKS:5000
PROB_RESTART:0.3
MAX_PATTERN_EDGES:10
EVALUATION_RANDOM_WALKS:10
TEST_EVALUATION_POSITIVE:[0.0, 0.81771815683027882, 0.0, 0.34226443299871973, 0.33323630343203564, 0.56557699542340423, 0.0, 0.5871610037274434, 0.23626135082066232, 0.23179108000030191, 0.022718687651470552, 0.0, 0.52857683788469212, 0.25563748749102422, 0.21071735508093439, 0.068363734935794743, 0.38390544321891773, 0.4737407592235886, 0.29149033914038874, 0.22766545951899619, 0.032786968590649161, 0.0, 0.068363734935794743, 0.50799054915194009, 0.6397892107548695, 0.15880386085312975, 0.12529230129104738, 0.076883570904327875, 0.085436754295107678, 0.44141583415724889]
TEST_EVALUATION_NEGATIVE:[0.0, 0.0, 0.17154074899506647, 0.17667946540662413, 0.0, 0.0, 0.0, 0.062646150645523674, 0.0, 0.092692629797623854, 0.083201016291754401, 0.088339732703312066, 0.12529230129104738, 0.062646150645523674, 0.068363734935794743, 0.062646150645523688, 0.14584716693727809, 0.092489984946373394, 0.0, 0.0, 0.12455407092477827, 0.088339732703312066, 0.15413410943332798, 0.0, 0.21071735508093439, 0.1450613476200322, 0.24971295176222075, 8.9834975439391214e-05, 0.25535006646553482, 0.12673051947193414]
PATTERN_EDGES:[(1, 2), (0, 3)]
PATTERN_SCORES:[328.23733085258999, 295.31236768607033]
PATTERN_TIMESTAMPS:[[1.0, 0.0, 0.0, 0.0, 0.0, 0.0, 2.0, 0.0, 0.0, 1.0, 2.0, 0.0, 2.0], [0.0, 1.0, 0.0, 0.0, 0.0, 0.0, 1.0, 0.0, 0.0, 0.0, 0.0, 0.0, 0.0]]
PATTERN_ATTRIBUTES:[[{'label': 'nips'}, {'label': 'icml'}, {'label': 'ecml'}, {'label': 'nips'}, {'label': 'icml'}, {'label': 'cvpr'}, {'label': 'nips'}, {'label': 'nips'}, {'label': 'nips'}, {'label': 'nips'}, {'label': 'pkdd'}, {'label': 'nips'}, {'label': 'pkdd'}], [{'label': 'nips'}, {'label': 'icml'}, {'label': 'icml'}, {'label': 'nips'}, {'label': 'icml'}, {'label': 'icml'}, {'label': 'icml'}, {'label': 'nips'}, {'label': 'nips'}, {'label': 'icml'}, {'label': 'icml'}, {'label': 'icml'}, {'label': 'icml'}]]
PATTERN_DIRECTIONS:[True, True]
PATTERN_UNDIRECTED:True
