DATA:dblp
TOTAL_TIME:29
TIME_UNIT_PRIMARY:1.0
TIME_UNIT_SECONDARY:0.5
RANDOM_WALKS:1000
PROB_RESTART:0.1
MAX_PATTERN_EDGES:10
EVALUATION_RANDOM_WALKS:10
TEST_EVALUATION_POSITIVE:[0.44641573255995315, 0.0, 0.38010211038402991, 0.18276183753283529, 0.44094971028550844, 0.0, 0.00028272472433525463, 0.1651843955838527, 0.035510947925028895, 0.25310508407761639, 0.25120528887794202, 0.13747694804078714, 0.46912709037230621, 0.29545454545454541, 0.0, 0.43293149349533266, 0.42727272727272725, 0.23357487262875126, 0.0, 0.069846531791596306, 0.41818181818181815, 0.1651843955838527, 0.52893744088250538, 0.25737483765675717, 0.023524374715750956, 0.63130739926197199, 7.1566505237219978e-07, 0.25964076848307183, 0.20772743809609179, 0.16552491821274248]
TEST_EVALUATION_NEGATIVE:[0.0, 0.0, 0.094078987378721959, 0.2011539310535683, 0.20500487927729058, 0.38585285380742657, 0.095035509463066756, 0.14866222519890779, 0.0, 0.14030633115208982, 0.59888645768678916, 0.34202240258624167, 0.17608312267364484, 0.0, 0.0, 0.16794673659192202, 0.37968330502861136, 0.52276789210369023, 0.08422875957406592, 0.076685882430645919, 0.087210962187301802, 0.010545347361772367, 0.28277936892358957, 0.0, 0.16409578836819971, 0.38585285380742651, 0.0, 0.42342177904900496, 0.0, 0.28014272976044746]
PATTERN_EDGES:[(0, 2), (1, 3)]
PATTERN_SCORES:[59.659669127528716, 49.096475649552772]
PATTERN_TIMESTAMPS:[[0.0, 0.0, 0.0, 0.0, 0.0, 0.0, 0.0, 0.0, 0.0, 2.0], [0.0, 1.0, 0.0, 0.0, 0.0, 0.0, 0.0, 0.0, 2.0, 1.0]]
PATTERN_ATTRIBUTES:[[{'label': 'kdd'}, {'label': 'kdd'}, {'label': 'nips'}, {'label': 'pkdd'}, {'label': 'icml'}, {'label': 'nips'}, {'label': 'icml'}, {'label': 'cikm'}, {'label': 'icde'}, {'label': 'cvpr'}], [{'label': 'nips'}, {'label': 'icml'}, {'label': 'nips'}, {'label': 'kdd'}, {'label': 'nips'}, {'label': 'nips'}, {'label': 'cvpr'}, {'label': 'nips'}, {'label': 'icml'}, {'label': 'icml'}]]
PATTERN_DIRECTIONS:[True, True]
PATTERN_UNDIRECTED:True
