DATA:dblp
TOTAL_TIME:91
TIME_UNIT_PRIMARY:1.0
TIME_UNIT_SECONDARY:0.5
RANDOM_WALKS:5000
PROB_RESTART:0.3
MAX_PATTERN_EDGES:10
EVALUATION_RANDOM_WALKS:10
TEST_EVALUATION_POSITIVE:[0.29274149739159022, 0.16218338475339789, 0.027397876315947815, 0.059759815924072784, 0.027397876315947815, 0.030434390559140989, 0.099654330418351519, 0.27309244189147941, 0.42707317340801959, 0.25510242027652691, 0.18117757089583417, 0.030434390559140989, 0.25044068408706655, 0.26199642138520601, 0.18906622714472252, 0.36951529469287453, 0.42561983471074377, 0.10673215622497136, 0.09605342383873211, 0.0, 0.12863921776133569, 0.27489806948650991, 0.57969889391808205, 0.74657673692245374, 0.1511716554668516, 0.35638400235112883, 0.2310995135111302, 0.64653950056425014, 0.2953323640861989, 0.17567401034972152]
TEST_EVALUATION_NEGATIVE:[0.0, 0.21732540882793466, 0.16205273254166047, 0.0, 0.10560102828811833, 0.11530604444104005, 0.0, 0.46847565856207363, 0.41876267367127107, 0.17605883853640317, 0.22045092431273608, 0.13728900795552806, 0.0095177450060711273, 0.32740675877738873, 0.13321065845431751, 0.47093190647444311, 0.15114347420066834, 0.11367813651004752, 0.090698767373869851, 0.090909090909090912, 0.097971604048632532, 1.9795718027830368e-10, 0.076653283505847811, 0.22210045257434324, 0.2040589469997918, 0.29768775265176034, 0.090909090909090912, 0.0, 0.12506265931052585, 0.42561983471074377]
PATTERN_EDGES:[(0, 2), (1, 3), (0, 4)]
PATTERN_SCORES:[363.23418084051724, 143.79087846770545, 80.771752758236971]
PATTERN_TIMESTAMPS:[[1.0, 0.0, 0.0, 0.0, 1.0, 0.0, 1.0, 1.0, 0.0, 2.0, 1.0], [0.0, 1.0, 0.0, 0.0, 3.0, 1.0, 0.0, 0.0, 0.0, 0.0, 0.0], [5.0, 0.0, 2.0, 1.0, 0.0, 0.0, 2.0, 2.0, 1.0, 1.0, 2.0]]
PATTERN_ATTRIBUTES:[[{'label': 'cvpr'}, {'label': 'icml'}, {'label': 'nips'}, {'label': 'icml'}, {'label': 'icml'}, {'label': 'nips'}, {'label': 'iccv'}, {'label': 'icml'}, {'label': 'icml'}, {'label': 'nips'}, {'label': 'kdd'}], [{'label': 'nips'}, {'label': 'nips'}, {'label': 'icml'}, {'label': 'nips'}, {'label': 'iccv'}, {'label': 'nips'}, {'label': 'icml'}, {'label': 'nips'}, {'label': 'nips'}, {'label': 'nips'}, {'label': 'cikm'}], [{'label': 'nips'}, {'label': 'icml'}, {'label': 'nips'}, {'label': 'iccv'}, {'label': 'nips'}, {'label': 'kdd'}, {'label': 'icml'}, {'label': 'icml'}, {'label': 'kdd'}, {'label': 'cvpr'}, {'label': 'nips'}]]
PATTERN_DIRECTIONS:[True, True, True]
PATTERN_UNDIRECTED:True
