DATA:dblp
TOTAL_TIME:136
TIME_UNIT_PRIMARY:1.0
TIME_UNIT_SECONDARY:0.5
RANDOM_WALKS:5000
PROB_RESTART:0.1
MAX_PATTERN_EDGES:10
EVALUATION_RANDOM_WALKS:10
TEST_EVALUATION_POSITIVE:[0.30055610623955303, 0.41770565701032836, 0.24112014277517277, 0.25462092102543221, 0.0029301044390163903, 0.35646041950178026, 0.14220077389767996, 0.20108935261107921, 0.17611307333859319, 0.38613844611809961, 0.2516558527592061, 0.0, 0.19724977736970919, 0.038148764608071525, 0.0, 0.28844606779006532, 0.16944719786443188, 0.56338659180382578, 0.25515864598504395, 0.0, 0.091293661090367406, 0.66628830921762239, 0.19124945885585737, 0.17858727012934322, 0.21829386723203928, 0.4795217338179405, 0.29808190944880303, 0.41929403066092419, 0.0, 0.012893597080343275]
TEST_EVALUATION_NEGATIVE:[0.11440219965390162, 0.12932525341558559, 0.1610073272221042, 0.19663710855567881, 0.2088903004323735, 0.35234393875424169, 0.1839140211598875, 0.048235239514418812, 0.0, 0.26409466615347121, 0.27368803972184552, 5.5688688413587616e-05, 0.4180840144593726, 0.0, 0.0031568361507319492, 0.087197795722965918, 0.11467247491070107, 0.13914416756140152, 0.4749516976854849, 0.22199174527720913, 0.0, 0.20222442495821216, 0.071394230746915921, 0.10358944933041757, 0.090909090909090912, 0.16449880428293187, 0.0, 0.0027120459229890721, 0.0, 0.19352398894389547]
PATTERN_EDGES:[(0, 2), (1, 3), (1, 2)]
PATTERN_SCORES:[254.21660492387687, 162.6674519091361, 114.27210141673474]
PATTERN_TIMESTAMPS:[[2.0, 0.0, 0.0, 1.0, 0.0, 1.0, 0.0, 0.0, 1.0], [0.0, 0.0, 1.0, 0.0, 1.0, 1.0, 2.0, 0.0, 0.0], [2.0, 0.0, 0.0, 0.0, 0.0, 0.0, 0.0, 0.0, 0.0]]
PATTERN_ATTRIBUTES:[[{'label': 'icml'}, {'label': 'nips'}, {'label': 'icml'}, {'label': 'iccv'}, {'label': 'icml'}, {'label': 'iccv'}, {'label': 'cvpr'}, {'label': 'icml'}, {'label': 'icml'}], [{'label': 'icml'}, {'label': 'ecml'}, {'label': 'www'}, {'label': 'cvpr'}, {'label': 'iccv'}, {'label': 'pakdd'}, {'label': 'pkdd'}, {'label': 'cvpr'}, {'label': 'icml'}], [{'label': 'pkdd'}, {'label': 'cvpr'}, {'label': 'nips'}, {'label': 'cvpr'}, {'label': 'icml'}, {'label': 'kdd'}, {'label': 'cvpr'}, {'label': 'icml'}, {'label': 'nips'}]]
PATTERN_DIRECTIONS:[True, True, True]
PATTERN_UNDIRECTED:True
