DATA:dblp
TOTAL_TIME:31
TIME_UNIT_PRIMARY:2.0
TIME_UNIT_SECONDARY:1.0
RANDOM_WALKS:1000
PROB_RESTART:0.1
MAX_PATTERN_EDGES:10
EVALUATION_RANDOM_WALKS:10
TEST_EVALUATION_POSITIVE:[0.16384428302081835, 0.57908059745982088, 0.0, 0.0, 0.0, 0.16736863115812473, 0.8350889830968613, 0.50235725316633995, 0.37433155080213903, 0.0, 0.94563327561646937, 0.77448387657578954, 0.30840518589056276, 0.0, 0.0, 0.16528923808682403, 0.16736863115812473, 0.30840518589056276, 0.72816637808234719, 0.58712982334990915, 0.18037322675217612, 0.5757519114465236, 1.0, 0.39988197252905266, 0.17892827168617043, 0.0, 0.16736863115812473, 0.80971646465764291, 0.0, 0.0]
TEST_EVALUATION_NEGATIVE:[0.37849821659354277, 0.17170349635614185, 0.0, 0.30488083775325636, 0.18181818181818182, 0.0, 0.0, 0.0, 0.0, 0.0, 0.16736863115812473, 0.0, 0.18037322675217612, 0.30488083775325636, 0.18037322675217612, 0.16384428302081835, 0.16384428302081835, 0.16384428302081835, 0.0, 0.0, 0.17892827168617043, 0.18181818181818182, 0.17691591331673065, 0.16384428302081835, 0.0, 0.0, 0.18181818181818182, 0.0, 0.1774833166201647, 0.37184084456694827]
PATTERN_EDGES:[(0, 2)]
PATTERN_SCORES:[105.8738984024037]
PATTERN_TIMESTAMPS:[[0.0, 1.0, 0.0, 0.0, 1.0, 0.0, 1.0, 0.0, 1.0, 1.0, 2.0, 1.0, 1.0, 0.0, 0.0, 0.0, 2.0]]
PATTERN_ATTRIBUTES:[[{'label': 'icml'}, {'label': 'icml'}, {'label': 'icml'}, {'label': 'icml'}, {'label': 'icml'}, {'label': 'nips'}, {'label': 'nips'}, {'label': 'icml'}, {'label': 'icml'}, {'label': 'nips'}, {'label': 'icml'}, {'label': 'icml'}, {'label': 'icml'}, {'label': 'icml'}, {'label': 'nips'}, {'label': 'icml'}, {'label': 'icml'}]]
PATTERN_DIRECTIONS:[True]
PATTERN_UNDIRECTED:True
