DATA:dblp
TOTAL_TIME:29
TIME_UNIT_PRIMARY:1.0
TIME_UNIT_SECONDARY:1.0
RANDOM_WALKS:1000
PROB_RESTART:0.1
MAX_PATTERN_EDGES:10
EVALUATION_RANDOM_WALKS:10
TEST_EVALUATION_POSITIVE:[0.51504616084514054, 0.43515392961259186, 0.0, 0.23127984343706323, 0.080381561142477881, 0.49076068288060609, 0.35638607970228592, 0.50886494347766731, 0.27387516689674135, 0.30694413061891873, 0.8298167413983748, 0.54223304977265074, 0.32272202348382073, 0.10414487255819972, 0.0, 0.53688764075858408, 0.28615172482214229, 0.77883990330203468, 0.14926375416916279, 0.057096884017189597, 0.53968331203705444, 0.28437416685589445, 0.23985029045839371, 0.13051500871551802, 0.50924851133101889, 0.0, 0.29937565976629249, 0.059436335076436933, 0.0, 0.11101265787484349]
TEST_EVALUATION_NEGATIVE:[0.37597579089554012, 0.065296176418137633, 0.1393152192280393, 0.17762029449701008, 0.046383828008958815, 0.11302404250475552, 0.0018497711799416712, 0.1279681179187391, 0.11175046900764297, 0.12630348687417442, 0.43229795937562238, 0.14530063685359584, 0.19861769829669917, 0.14151246843277401, 0.094023239183445226, 0.19310788359139122, 0.0, 0.13849539148790596, 0.1403346330940109, 0.07663741957828539, 0.10933736734764747, 0.29892463403885267, 0.11218238340446715, 0.13874672024751117, 0.0, 0.00067939031144321278, 0.0, 0.18400724708449051, 0.11044962647018672, 0.19014830611501482]
PATTERN_EDGES:[(1, 0), (0, 2), (1, 3), (1, 4)]
PATTERN_SCORES:[57.583567015640625, 85.549541115942759, 56.312938594785095, 23.432867378654471]
PATTERN_TIMESTAMPS:[[1.0, 0.0, 0.0, 0.0, 0.0, 1.0, 2.0], [2.0, 0.0, 0.0, 1.0, 0.0, 0.0, 0.0], [2.0, 1.0, 0.0, 0.0, 0.0, 1.0, 0.0], [0.0, 0.0, 1.0, 0.0, 1.0, 1.0, 0.0]]
PATTERN_ATTRIBUTES:[[{'label': 'icml'}, {'label': 'nips'}, {'label': 'nips'}, {'label': 'nips'}, {'label': 'nips'}, {'label': 'nips'}, {'label': 'nips'}], [{'label': 'nips'}, {'label': 'nips'}, {'label': 'nips'}, {'label': 'nips'}, {'label': 'nips'}, {'label': 'nips'}, {'label': 'kdd'}], [{'label': 'nips'}, {'label': 'nips'}, {'label': 'icml'}, {'label': 'nips'}, {'label': 'nips'}, {'label': 'nips'}, {'label': 'icml'}], [{'label': 'icml'}, {'label': 'icml'}, {'label': 'icml'}, {'label': 'cvpr'}, {'label': 'nips'}, {'label': 'nips'}, {'label': 'nips'}]]
PATTERN_DIRECTIONS:[True, True, True, True]
PATTERN_UNDIRECTED:True
