DATA:dblp
TOTAL_TIME:25
TIME_UNIT_PRIMARY:1.0
TIME_UNIT_SECONDARY:1.0
RANDOM_WALKS:1000
PROB_RESTART:0.1
MAX_PATTERN_EDGES:10
EVALUATION_RANDOM_WALKS:10
TEST_EVALUATION_POSITIVE:[0.4580821597012088, 0.11889346206236831, 0.28224103201066875, 0.16851449864471363, 0.0, 0.0, 0.30074220778476718, 0.45043180919107656, 0.70133847417454209, 0.53341472466631046, 0.0, 0.33147691533949097, 0.32782995867158582, 0.33636363636363631, 0.16654036784042286, 0.0, 0.38512252370354022, 0.17929428091333008, 0.0, 0.078977933785907575, 0.082308455942375042, 0.55773731321180209, 0.43839048254528823, 0.59464590369012948, 0.15465571691389185, 0.51999361983372105, 0.14218709352631731, 0.14346916337698506, 0.15551599802639485, 0.078294347237226863]
TEST_EVALUATION_NEGATIVE:[0.18526573836936075, 0.0, 0.11348333550582494, 0.20256007246789415, 0.12633806868842196, 0.0, 0.22616314509302188, 0.0, 0.10579393172074958, 0.37197010245581719, 0.0099796919254047135, 0.30126314996967513, 0.12405913338906205, 0.12344270469992828, 0.24958676146470954, 0.17236649356106076, 0.28101516569040069, 0.20410929308200129, 0.25664109899145232, 4.7856518653613451e-06, 0.10583331364197049, 0.14261690417818487, 0.19408756000670907, 0.20411473145043804, 0.15190390275719992, 0.23131325157024016, 0.0, 0.10583331364197049, 0.0, 0.2265181261291358]
PATTERN_EDGES:[(0, 2), (0, 1), (1, 3), (1, 4)]
PATTERN_SCORES:[38.940806224253478, 33.379728865858262, 39.073301651564726, 22.708353768134792]
PATTERN_TIMESTAMPS:[[0.0, 0.0, 1.0, 0.0, 1.0], [0.0, 0.0, 0.0, 0.0, 3.0], [3.0, 0.0, 0.0, 0.0, 0.0], [0.0, 3.0, 0.0, 0.0, 0.0]]
PATTERN_ATTRIBUTES:[[{'label': 'icml'}, {'label': 'nips'}, {'label': 'icml'}, {'label': 'kdd'}, {'label': 'icml'}], [{'label': 'nips'}, {'label': 'kdd'}, {'label': 'nips'}, {'label': 'icml'}, {'label': 'icml'}], [{'label': 'icml'}, {'label': 'icml'}, {'label': 'nips'}, {'label': 'icml'}, {'label': 'icml'}], [{'label': 'icml'}, {'label': 'icml'}, {'label': 'icml'}, {'label': 'nips'}, {'label': 'icml'}]]
PATTERN_DIRECTIONS:[True, True, True, True]
PATTERN_UNDIRECTED:True
